StockID,StockName,Date,Open,High,Low,Close,Volume,MA5,MA10,MA20,MA60,BB_Upper,BB_Lower
2330,台積電,2026-04-29,2175.0,2210.0,2165.0,2180.0,49147402,2185.0,2116.5,2024.0,1907.58,2291.57,1756.43
2330,台積電,2026-04-30,2205.0,2215.0,2135.0,2135.0,59584011,2196.0,2121.5,2042.75,1913.83,2283.66,1801.84
2330,台積電,2026-05-04,2200.0,2285.0,2195.0,2275.0,44458732,2214.0,2146.0,2063.75,1922.25,2308.93,1818.57
2330,台積電,2026-05-05,2250.0,2270.0,2240.0,2250.0,26644983,2211.0,2168.5,2085.75,1930.5,2313.4,1858.1
2330,台積電,2026-05-06,2250.0,2285.0,2240.0,2250.0,38026963,2218.0,2188.5,2105.25,1938.33,2317.79,1892.71
2330,台積電,2026-05-07,2335.0,2345.0,2310.0,2310.0,41966283,2244.0,2214.5,2123.25,1946.5,2341.33,1905.17
2330,台積電,2026-05-08,2300.0,2310.0,2265.0,2290.0,31730352,2275.0,2235.5,2140.0,1954.58,2355.11,1924.89
2330,台積電,2026-05-11,2265.0,2275.0,2235.0,2235.0,46172626,2267.0,2240.5,2151.75,1962.25,2360.24,1943.26
2330,台積電,2026-05-12,2235.0,2280.0,2210.0,2255.0,54239538,2268.0,2239.5,2165.0,1970.42,2363.65,1966.35
2330,台積電,2026-05-13,2205.0,2240.0,2205.0,2220.0,43727683,2262.0,2240.0,2173.25,1977.42,2366.29,1980.21
2330,台積電,2026-05-14,2250.0,2270.0,2230.0,2270.0,39564699,2254.0,2249.0,2182.75,1985.5,2375.17,1990.33
2330,台積電,2026-05-15,2310.0,2325.0,2250.0,2265.0,34360513,2249.0,2262.0,2191.75,1993.83,2381.74,2001.76
2330,台積電,2026-05-18,2225.0,2260.0,2215.0,2240.0,32966937,2250.0,2258.5,2202.25,2001.5,2377.22,2027.28
2330,台積電,2026-05-19,2220.0,2230.0,2205.0,2205.0,45585931,2240.0,2254.0,2211.25,2008.0,2365.07,2057.43
2330,台積電,2026-05-20,2205.0,2210.0,2185.0,2185.0,38332945,2233.0,2247.5,2218.0,2013.08,2352.69,2083.31
2330,台積電,2026-05-21,2240.0,2255.0,2230.0,2230.0,24929331,2225.0,2239.5,2227.0,2018.33,2336.03,2117.97
2330,台積電,2026-05-22,2245.0,2260.0,2225.0,2255.0,26823133,2223.0,2236.0,2235.75,2024.25,2320.5,2151.0
2330,台積電,2026-05-25,2275.0,2310.0,2275.0,2310.0,28250944,2237.0,2243.5,2242.0,2030.0,2329.38,2154.62
2330,台積電,2026-05-26,2320.0,2325.0,2270.0,2270.0,32781470,2250.0,2245.0,2242.25,2034.25,2329.94,2154.56
2330,台積電,2026-05-27,2310.0,2330.0,2290.0,2300.0,40272350,2273.0,2253.0,2246.5,2039.33,2336.83,2156.17
2330,台積電,2026-05-28,2350.0,2360.0,2270.0,2295.0,42313277,2286.0,2255.5,2252.25,2044.67,2339.34,2165.16
2330,台積電,2026-05-29,2340.0,2375.0,2330.0,2355.0,104783831,2306.0,2264.5,2263.25,2051.67,2343.27,2183.23
2330,台積電,2026-06-01,2355.0,2415.0,2350.0,2355.0,60942792,2315.0,2276.0,2267.25,2059.83,2357.13,2177.37
2330,台積電,2026-06-02,2390.0,2400.0,2360.0,2380.0,41532527,2337.0,2293.5,2273.75,2067.83,2376.29,2171.21
2330,台積電,2026-06-03,2425.0,2440.0,2410.0,2425.0,29219904,2362.0,2317.5,2282.5,2076.75,2404.52,2160.48
2330,台積電,2026-06-04,2385.0,2415.0,2385.0,2385.0,32542948,2380.0,2333.0,2286.25,2086.33,2416.18,2156.32
2330,台積電,2026-06-05,2395.0,2405.0,2350.0,2365.0,43403895,2382.0,2344.0,2290.0,2094.92,2424.63,2155.37
2330,台積電,2026-06-08,2230.0,2320.0,2230.0,2295.0,52273858,2370.0,2342.5,2293.0,2100.83,2425.12,2160.88
2330,台積電,2026-06-09,2305.0,2320.0,2295.0,2305.0,38847544,2355.0,2346.0,2295.5,2107.83,2426.48,2164.52
2330,台積電,2026-06-10,2285.0,2300.0,2255.0,2255.0,54194021,2321.0,2341.5,2297.25,2114.33,2424.88,2169.62
2330,台積電,2026-06-11,2240.0,2260.0,2210.0,2250.0,46417523,2294.0,2337.0,2296.25,2121.08,2425.09,2167.41
2330,台積電,2026-06-12,2325.0,2325.0,2290.0,2310.0,26306885,2283.0,2332.5,2298.5,2128.42,2426.61,2170.39
2330,台積電,2026-06-15,2360.0,2375.0,2345.0,2375.0,30228535,2299.0,2334.5,2305.25,2136.25,2434.6,2175.9
2330,台積電,2026-06-16,2375.0,2400.0,2350.0,2400.0,37145708,2318.0,2336.5,2315.0,2145.42,2441.91,2188.09
2330,台積電,2026-06-17,2355.0,2385.0,2350.0,2385.0,30059393,2344.0,2332.5,2325.0,2154.5,2439.71,2210.29
2330,台積電,2026-06-18,2395.0,2415.0,2385.0,2410.0,49982610,2376.0,2335.0,2334.0,2164.5,2445.53,2222.47
2330,台積電,2026-06-22,2455.0,2510.0,2455.0,2510.0,45207883,2416.0,2349.5,2346.75,2176.17,2476.98,2216.52
2330,台積電,2026-06-23,2510.0,2535.0,2490.0,2490.0,39537895,2439.0,2369.0,2355.75,2186.92,2499.47,2212.03
2330,台積電,2026-06-24,2435.0,2445.0,2390.0,2390.0,67304477,2437.0,2377.5,2361.75,2196.08,2500.32,2223.18
2330,台積電,2026-06-25,2410.0,2420.0,2390.0,2390.0,41099957,2438.0,2391.0,2366.25,2205.58,2502.2,2230.3
2330,台積電,2026-06-26,2360.0,2370.0,2325.0,2340.0,53800344,2424.0,2400.0,2368.5,2214.92,2500.93,2236.07
2330,台積電,2026-06-29,2330.0,2395.0,2330.0,2370.0,38133782,2396.0,2406.0,2369.25,2225.08,2501.53,2236.97
2330,台積電,2026-06-30,2440.0,2475.0,2410.0,2410.0,49540227,2380.0,2409.5,2372.0,2234.33,2505.31,2238.69
2330,台積電,2026-07-01,2495.0,2505.0,2475.0,2505.0,37544470,2403.0,2420.0,2378.25,2245.92,2524.26,2232.24
2330,台積電,2026-07-02,2450.0,2480.0,2445.0,2465.0,35919290,2418.0,2428.0,2380.25,2256.0,2530.0,2230.5
2330,台積電,2026-07-03,2415.0,2465.0,2415.0,2445.0,32905868,2439.0,2431.5,2383.25,2264.25,2535.78,2230.72
2330,台積電,2026-07-06,2465.0,2500.0,2455.0,2460.0,21041918,2457.0,2426.5,2388.0,2272.67,2544.02,2231.98
2330,台積電,2026-07-07,2480.0,2500.0,2440.0,2440.0,31400854,2463.0,2421.5,2395.25,2280.0,2546.47,2244.03
2330,台積電,2026-07-08,2445.0,2465.0,2420.0,2465.0,25519599,2455.0,2429.0,2403.25,2287.92,2551.26,2255.24
2330,台積電,2026-07-09,2450.0,2460.0,2415.0,2415.0,34681018,2445.0,2431.5,2411.25,2293.92,2541.79,2280.71
2330,台積電,2026-07-13,2460.0,2480.0,2440.0,2440.0,35310380,2444.0,2441.5,2420.75,2299.92,2527.34,2314.16
2330,台積電,2026-07-14,2410.0,2430.0,2390.0,2420.0,42857055,2436.0,2446.5,2426.25,2305.5,2519.26,2333.24
2330,台積電,2026-07-15,2425.0,2460.0,2415.0,2440.0,33665566,2436.0,2449.5,2429.5,2312.33,2519.46,2339.54
2330,台積電,2026-07-16,2430.0,2470.0,2420.0,2470.0,30538604,2437.0,2446.0,2433.0,2319.75,2523.58,2342.42
2330,台積電,2026-07-17,2375.0,2395.0,2290.0,2290.0,97362670,2412.0,2428.5,2428.25,2323.75,2537.47,2319.03
2330,台積電,2026-07-20,2300.0,2345.0,2300.0,2320.0,55790346,2388.0,2416.0,2423.75,2328.25,2543.08,2304.42
2330,台積電,2026-07-21,2350.0,2410.0,2345.0,2410.0,31605663,2386.0,2411.0,2418.75,2333.75,2531.04,2306.46
2330,台積電,2026-07-22,2440.0,2445.0,2385.0,2400.0,31653123,2378.0,2407.0,2414.25,2337.33,2521.62,2306.88
2330,台積電,2026-07-23,2385.0,2405.0,2370.0,2405.0,28001492,2365.0,2401.0,2415.0,2339.67,2521.87,2308.13
2330,台積電,2026-07-24,2355.0,2365.0,2345.0,2350.0,24810509,2377.0,2394.5,2413.0,2341.92,2523.28,2302.72
2330,台積電,2026-07-27,2330.0,2365.0,2330.0,2350.0,28939466,2383.0,2385.5,2413.5,2344.75,2522.47,2304.53
2330,台積電,2026-07-28,2270.0,2305.0,2270.0,2280.0,45333029,2357.0,2371.5,2409.0,2347.17,2532.06,2285.94
2330,台積電,2026-07-29,2260.0,2280.0,2180.0,2200.0,68139691,2317.0,2347.5,2398.5,2345.92,2553.01,2243.99
2330,台積電,2026-07-30,2205.0,2260.0,2190.0,2205.0,51372177,2277.0,2321.0,2383.5,2345.17,2552.09,2214.91
2330,台積電,2026-07-31,2350.0,2425.0,2345.0,2425.0,69478145,2292.0,2334.5,2381.5,2348.08,2546.94,2216.06
2330,台積電,2026-08-03,2390.0,2395.0,2365.0,2370.0,35209944,2296.0,2339.5,2377.75,2349.08,2540.51,2214.99
2330,台積電,2026-08-04,2335.0,2360.0,2310.0,2320.0,41021199,2304.0,2330.5,2370.75,2349.58,2530.63,2210.87
2330,台積電,2026-08-05,2385.0,2415.0,2370.0,2405.0,36782301,2345.0,2331.0,2369.0,2352.42,2526.43,2211.57
2330,台積電,2026-08-06,2395.0,2395.0,2360.0,2365.0,25536816,2377.0,2327.0,2364.0,2354.25,2514.81,2213.19
2330,台積電,2026-08-07,2390.0,2395.0,2355.0,2370.0,24414025,2366.0,2329.0,2361.75,2356.75,2510.69,2212.81
2330,台積電,2026-08-10,2390.0,2410.0,2380.0,2380.0,21498241,2368.0,2332.0,2358.75,2358.58,2503.4,2214.1
2330,台積電,2026-08-11,2390.0,2405.0,2375.0,2395.0,18247582,2383.0,2343.5,2357.5,2360.75,2500.35,2214.65
2330,台積電,2026-08-12,2405.0,2415.0,2390.0,2415.0,19448153,2385.0,2365.0,2356.25,2363.67,2496.47,2216.03
2330,台積電,2026-08-13,2440.0,2445.0,2425.0,2435.0,26233385,2399.0,2388.0,2354.5,2367.5,2489.52,2219.48
2330,台積電,2026-08-14,2435.0,2440.0,2395.0,2395.0,21162682,2404.0,2385.0,2359.75,2371.0,2492.35,2227.15
2330,台積電,2026-08-17,2410.0,2420.0,2390.0,2400.0,13482456,2408.0,2388.0,2363.75,2373.83,2496.13,2231.37
2330,台積電,2026-08-18,2415.0,2415.0,2375.0,2380.0,19997213,2405.0,2394.0,2362.25,2375.92,2493.1,2231.4
2330,台積電,2026-08-19,2340.0,2355.0,2335.0,2350.0,23618612,2392.0,2388.5,2359.75,2376.58,2489.47,2230.03
2330,台積電,2026-08-20,2365.0,2375.0,2350.0,2375.0,16967737,2380.0,2389.5,2358.25,2378.33,2486.45,2230.05
2330,台積電,2026-08-21,2375.0,2410.0,2365.0,2410.0,18922480,2383.0,2393.5,2361.25,2380.17,2491.43,2231.07
2330,台積電,2026-08-24,2410.0,2410.0,2375.0,2375.0,13073210,2378.0,2393.0,2362.5,2381.5,2492.7,2232.3
2330,台積電,2026-08-25,2355.0,2400.0,2350.0,2400.0,13538447,2382.0,2393.5,2368.5,2382.25,2493.66,2243.34
2330,台積電,2026-08-26,2375.0,2425.0,2375.0,2415.0,19467241,2395.0,2393.5,2379.25,2383.25,2477.51,2280.99
2330,台積電,2026-08-27,2430.0,2435.0,2410.0,2410.0,19214481,2402.0,2391.0,2389.5,2383.75,2444.45,2334.55
2330,台積電,2026-08-28,2440.0,2445.0,2410.0,2420.0,15025832,2404.0,2393.5,2389.25,2383.67,2443.57,2334.93
2330,台積電,2026-08-31,2395.0,2405.0,2375.0,2405.0,32792740,2410.0,2394.0,2391.0,2384.0,2444.96,2337.04
2330,台積電,2026-09-01,2395.0,2440.0,2390.0,2440.0,31855287,2418.0,2400.0,2397.0,2385.25,2443.95,2350.05
2330,台積電,2026-09-02,2415.0,2420.0,2385.0,2385.0,25151394,2412.0,2403.5,2396.0,2386.75,2443.08,2348.92
2330,台積電,2026-09-03,2385.0,2400.0,2380.0,2390.0,14252351,2408.0,2405.0,2397.25,2388.17,2442.14,2352.36
2330,台積電,2026-09-04,2415.0,2415.0,2390.0,2410.0,14102018,2406.0,2405.0,2399.25,2390.75,2442.57,2355.93
2303,聯電,2026-04-29,75.3,75.3,72.4,74.5,120372117,74.08,74.34,66.67,63.87,83.27,50.07
2303,聯電,2026-04-30,80.5,80.9,76.3,77.3,333288108,74.82,75.24,67.71,64.03,84.23,51.19
2303,聯電,2026-05-04,80.0,82.4,79.4,81.2,242174345,76.16,76.06,68.9,64.31,85.72,52.08
2303,聯電,2026-05-05,80.8,85.2,80.1,83.1,173093862,78.24,76.68,70.38,64.54,86.71,54.04
2303,聯電,2026-05-06,88.5,91.4,87.8,91.4,256466477,81.5,78.2,72.03,64.79,89.85,54.21
2303,聯電,2026-05-07,97.4,98.8,93.0,96.5,325904228,85.9,79.99,73.84,65.13,93.87,53.81
2303,聯電,2026-05-08,96.5,98.8,89.9,91.3,219273944,88.7,81.76,75.41,65.52,95.77,55.04
2303,聯電,2026-05-11,94.7,96.3,92.0,95.0,178723421,91.46,83.81,77.05,66.06,98.18,55.93
2303,聯電,2026-05-12,96.7,104.5,94.3,104.5,383024476,95.74,86.99,79.28,66.79,102.15,56.4
2303,聯電,2026-05-13,102.0,102.0,94.5,98.4,352973233,97.14,89.32,81.21,67.42,103.66,58.76
2303,聯電,2026-05-14,102.0,108.0,98.8,108.0,333998329,99.44,92.67,83.5,68.19,107.08,59.93
2303,聯電,2026-05-15,112.0,118.0,108.0,110.0,413940731,103.18,95.94,85.59,68.99,110.83,60.35
2303,聯電,2026-05-18,108.5,114.0,103.5,111.0,264201488,106.38,98.92,87.49,69.81,114.4,60.58
2303,聯電,2026-05-19,112.5,120.5,111.5,113.0,273826419,108.08,101.91,89.3,70.66,118.0,60.59
2303,聯電,2026-05-20,114.0,115.5,107.0,108.0,227934594,110.0,103.57,90.89,71.41,120.05,61.72
2303,聯電,2026-05-21,112.5,118.0,111.5,116.0,198946094,111.6,105.52,92.75,72.3,123.37,62.14
2303,聯電,2026-05-22,119.5,119.5,113.0,114.0,203495119,112.4,107.79,94.78,73.14,125.4,64.15
2303,聯電,2026-05-25,115.0,125.0,113.0,125.0,340935766,115.2,110.79,97.3,74.09,129.18,65.42
2303,聯電,2026-05-26,129.0,133.5,128.0,130.5,291896012,118.7,113.39,100.19,75.18,133.15,67.23
2303,聯電,2026-05-27,139.5,143.5,138.5,143.5,280261963,125.8,117.9,103.61,76.48,139.65,67.57
2303,聯電,2026-05-28,145.0,151.0,137.0,142.0,418286433,131.0,121.3,106.98,77.77,144.18,69.79
2303,聯電,2026-05-29,149.0,149.0,138.0,144.5,366515715,137.1,124.75,110.34,79.14,148.38,72.31
2303,聯電,2026-06-01,143.0,155.5,140.0,146.0,289268747,141.3,128.25,113.58,80.57,152.2,74.97
2303,聯電,2026-06-02,147.0,150.0,133.5,141.5,380584577,143.5,131.1,116.51,81.89,154.23,78.78
2303,聯電,2026-06-03,141.5,141.5,130.5,130.5,379788969,140.9,133.35,118.46,83.03,154.74,82.18
2303,聯電,2026-06-04,126.5,131.5,122.5,125.0,380918568,137.5,134.25,119.88,84.12,154.74,85.03
2303,聯電,2026-06-05,127.0,133.0,125.0,131.5,377903061,134.9,136.0,121.89,85.31,154.36,89.43
2303,聯電,2026-06-08,121.0,125.0,119.0,121.0,318679993,129.9,135.6,123.19,86.29,153.11,93.28
2303,聯電,2026-06-09,124.5,131.5,118.5,127.5,374359529,127.1,135.3,124.34,87.4,152.98,95.71
2303,聯電,2026-06-10,126.5,130.5,117.5,118.5,346766316,124.7,132.8,125.35,88.39,151.45,99.25
2303,聯電,2026-06-11,119.0,126.0,116.5,125.0,362586174,124.7,131.1,126.2,89.46,150.99,101.41
2303,聯電,2026-06-12,134.0,137.5,132.5,133.5,393604121,125.1,130.0,127.38,90.67,151.14,103.61
2303,聯電,2026-06-15,139.5,143.5,137.0,141.5,328881762,129.2,129.55,128.9,92.02,152.15,105.65
2303,聯電,2026-06-16,144.0,144.5,138.5,141.0,256468191,131.9,129.5,130.3,93.39,152.88,107.72
2303,聯電,2026-06-17,138.5,142.0,136.0,140.0,171758079,136.2,130.45,131.9,94.76,152.25,111.55
2303,聯電,2026-06-18,141.0,146.0,138.5,145.5,307999583,140.3,132.5,133.38,96.24,153.14,113.61
2303,聯電,2026-06-22,160.0,160.0,160.0,160.0,66171376,145.6,135.35,135.68,97.96,156.62,114.73
2303,聯電,2026-06-23,173.0,176.0,167.5,170.0,550642760,151.3,140.25,137.93,99.81,163.25,112.6
2303,聯電,2026-06-24,172.0,185.5,165.5,178.0,566145556,158.7,145.3,140.3,101.81,171.03,109.57
2303,聯電,2026-06-25,183.5,185.5,173.0,178.5,397685486,166.4,151.3,142.05,103.82,177.21,106.89
2303,聯電,2026-06-26,175.0,176.0,162.0,164.0,382690528,170.1,155.2,143.15,105.6,179.66,106.64
2303,聯電,2026-06-29,164.5,167.0,160.0,164.0,222684902,170.9,158.25,144.12,107.39,181.8,106.45
2303,聯電,2026-06-30,169.0,173.5,164.5,164.5,300680863,169.8,160.55,145.05,109.18,183.82,106.28
2303,聯電,2026-07-01,170.0,173.0,166.5,169.0,244699836,168.0,163.35,146.43,111.1,186.59,106.26
2303,聯電,2026-07-02,164.0,168.0,158.0,165.5,83488559,165.4,165.9,148.18,112.89,188.47,107.88
2303,聯電,2026-07-03,159.0,170.5,158.5,170.5,75996283,166.7,168.4,150.45,114.72,190.37,110.53
2303,聯電,2026-07-06,171.5,171.5,164.0,166.0,55004854,167.1,169.0,152.18,116.49,191.62,112.73
2303,聯電,2026-07-07,167.0,167.5,152.0,155.0,91482176,165.2,167.5,153.88,118.04,190.5,117.25
2303,聯電,2026-07-08,156.0,163.0,149.0,163.0,88907493,164.0,166.0,155.65,119.76,190.27,121.03
2303,聯電,2026-07-09,161.0,161.0,154.0,156.0,59926265,162.1,163.75,157.53,121.36,187.42,127.63
2303,聯電,2026-07-13,156.0,158.0,151.5,153.5,68418819,158.7,162.7,158.95,122.88,184.75,133.15
2303,聯電,2026-07-14,150.5,151.0,140.0,151.0,87772753,155.7,161.4,159.82,124.26,183.05,136.6
2303,聯電,2026-07-15,158.5,166.0,156.0,166.0,111015473,157.9,161.55,161.05,125.81,182.74,139.36
2303,聯電,2026-07-16,161.5,168.0,159.0,160.0,88319859,157.3,160.65,162.0,127.2,181.55,142.45
2303,聯電,2026-07-17,145.5,148.0,144.0,144.0,252067369,154.9,158.5,162.2,128.33,180.86,143.54
2303,聯電,2026-07-20,141.0,141.0,130.0,130.0,297589744,150.2,154.45,161.43,129.19,183.91,138.94
2303,聯電,2026-07-21,130.0,138.0,125.5,134.5,259729470,146.9,151.3,160.15,130.2,185.66,134.64
2303,聯電,2026-07-22,140.5,145.0,137.5,139.0,176785970,141.5,149.7,158.6,131.28,185.33,131.87
2303,聯電,2026-07-23,141.0,142.5,135.5,138.5,115296489,137.2,147.25,156.62,132.37,183.15,130.1
2303,聯電,2026-07-24,135.0,138.0,128.0,128.0,152268547,134.0,144.45,154.1,133.25,181.46,126.74
2303,聯電,2026-07-27,123.0,127.0,118.0,126.0,219388398,133.2,141.7,152.2,134.11,181.85,122.55
2303,聯電,2026-07-28,115.0,117.0,113.5,113.5,152348721,129.0,137.95,149.68,134.72,183.41,115.94
2303,聯電,2026-07-29,109.5,112.0,102.5,102.5,271683852,121.7,131.6,146.57,135.07,185.56,107.59
2303,聯電,2026-07-30,107.5,112.5,105.0,110.0,376328814,116.0,126.6,143.62,135.52,184.36,102.89
2303,聯電,2026-07-31,121.0,121.0,121.0,121.0,45464057,114.6,124.3,141.4,136.01,181.96,100.84
2303,聯電,2026-08-03,125.5,126.0,116.0,118.0,372708183,113.0,123.1,138.78,136.37,178.19,99.36
2303,聯電,2026-08-04,118.5,120.0,115.5,118.5,181714211,114.0,121.5,136.4,136.82,174.61,98.19
2303,聯電,2026-08-05,129.0,129.0,121.5,122.0,279502812,117.9,119.8,134.75,137.27,172.43,97.07
2303,聯電,2026-08-06,121.5,123.5,118.0,121.5,149054040,120.2,118.1,132.68,137.56,168.32,97.03
2303,聯電,2026-08-07,121.5,121.5,114.0,116.0,169352784,119.2,116.9,130.68,137.85,165.28,96.07
2303,聯電,2026-08-10,117.0,123.5,117.0,123.0,175668376,120.2,116.6,129.15,138.1,162.17,96.13
2303,聯電,2026-08-11,121.5,124.5,120.0,123.0,79882055,121.1,117.55,127.75,138.32,159.21,96.29
2303,聯電,2026-08-12,123.0,125.5,121.0,123.0,93125712,121.3,119.6,125.6,138.52,151.42,99.78
2303,聯電,2026-08-13,125.5,130.5,123.0,124.5,201443326,121.9,121.05,123.83,138.71,143.94,103.71
2303,聯電,2026-08-14,125.0,125.5,120.0,121.0,114922515,122.9,121.05,122.67,138.93,140.43,104.92
2303,聯電,2026-08-17,121.5,124.0,121.5,121.5,67357978,122.6,121.4,122.25,139.02,139.67,104.83
2303,聯電,2026-08-18,122.5,124.0,117.5,119.0,91483851,121.8,121.45,121.47,139.1,137.95,105.0
2303,聯電,2026-08-19,115.0,117.0,113.5,115.5,110337394,120.3,120.8,120.3,138.94,134.74,105.86
2303,聯電,2026-08-20,117.0,118.0,112.0,115.5,101840408,118.5,120.2,119.15,138.69,130.9,107.4
2303,聯電,2026-08-21,115.5,117.0,114.0,116.5,58537906,117.6,120.25,118.58,138.24,129.6,107.55
2303,聯電,2026-08-24,118.0,128.0,117.5,123.5,196622654,118.0,120.3,118.45,137.93,129.18,107.72
2303,聯電,2026-08-25,123.5,125.5,119.0,125.0,124999306,119.2,120.5,119.03,137.61,129.87,108.18
2303,聯電,2026-08-26,124.0,124.5,122.0,123.5,85108376,120.8,120.55,120.08,137.23,127.8,112.35
2303,聯電,2026-08-27,123.5,123.5,117.0,118.5,184012062,121.4,119.95,120.5,136.85,126.66,114.34
2303,聯電,2026-08-28,120.5,130.0,120.0,130.0,325935822,124.1,120.85,120.95,136.84,128.44,113.46
2303,聯電,2026-08-31,126.5,129.0,124.0,129.0,217807917,125.2,121.6,121.5,136.91,129.66,113.34
2303,聯電,2026-09-01,127.5,136.5,127.0,132.5,223238022,126.7,122.95,122.2,136.93,131.59,112.81
2303,聯電,2026-09-02,131.5,133.0,126.0,126.0,136331797,127.2,124.0,122.4,137.01,131.94,112.86
2303,聯電,2026-09-03,127.5,129.0,123.0,125.0,139492332,128.5,124.95,122.58,136.97,132.17,112.98
2303,聯電,2026-09-04,128.5,131.0,126.5,130.0,142867105,128.5,126.3,123.28,137.16,132.9,113.65
2454,聯發科,2026-04-29,2550.0,2595.0,2500.0,2575.0,13156720,2455.0,2238.0,1906.5,1792.83,2701.01,1111.99
2454,聯發科,2026-04-30,2665.0,2685.0,2565.0,2610.0,17532158,2534.0,2309.5,1962.5,1811.58,2790.58,1134.42
2454,聯發科,2026-05-04,2870.0,2870.0,2870.0,2870.0,4019865,2621.0,2404.0,2032.75,1832.25,2919.44,1146.06
2454,聯發科,2026-05-05,3155.0,3155.0,3155.0,3155.0,10091886,2765.0,2529.5,2117.25,1855.33,3093.69,1140.81
2454,聯發科,2026-05-06,3470.0,3470.0,3155.0,3430.0,39638460,2928.0,2663.5,2215.25,1882.92,3305.02,1125.48
2454,聯發科,2026-05-07,3430.0,3430.0,3295.0,3420.0,8465341,3097.0,2776.0,2307.25,1910.25,3478.82,1135.68
2454,聯發科,2026-05-08,3320.0,3670.0,3320.0,3630.0,9525653,3301.0,2917.5,2410.0,1941.08,3668.41,1151.59
2454,聯發科,2026-05-11,3575.0,3985.0,3565.0,3880.0,8690923,3503.0,3062.0,2525.25,1976.42,3880.17,1170.33
2454,聯發科,2026-05-12,3835.0,3910.0,3700.0,3700.0,11090404,3612.0,3188.5,2629.25,2009.67,4010.65,1247.85
2454,聯發科,2026-05-13,3625.0,3680.0,3400.0,3495.0,9694046,3625.0,3276.5,2718.0,2038.0,4081.4,1354.6
2454,聯發科,2026-05-14,3585.0,3590.0,3385.0,3405.0,7103890,3622.0,3359.5,2798.75,2064.75,4121.42,1476.08
2454,聯發科,2026-05-15,3425.0,3555.0,3200.0,3260.0,7341025,3548.0,3424.5,2867.0,2089.58,4132.97,1601.03
2454,聯發科,2026-05-18,3240.0,3550.0,3150.0,3400.0,7040537,3452.0,3477.5,2940.75,2117.75,4146.06,1735.44
2454,聯發科,2026-05-19,3475.0,3495.0,3100.0,3155.0,10055471,3343.0,3477.5,3003.5,2139.83,4107.05,1899.95
2454,聯發科,2026-05-20,3195.0,3350.0,3155.0,3230.0,9296108,3290.0,3457.5,3060.5,2162.92,4079.95,2041.05
2454,聯發科,2026-05-21,3415.0,3550.0,3405.0,3550.0,5983092,3319.0,3470.5,3123.25,2191.17,4097.81,2148.69
2454,聯發科,2026-05-22,3765.0,3880.0,3675.0,3860.0,20839466,3439.0,3493.5,3205.5,2225.58,4133.88,2277.12
2454,聯發科,2026-05-25,4245.0,4245.0,4245.0,4245.0,4616291,3608.0,3530.0,3296.0,2265.92,4260.32,2331.68
2454,聯發科,2026-05-26,4375.0,4440.0,4180.0,4265.0,19540872,3830.0,3586.5,3387.5,2305.83,4355.11,2419.89
2454,聯發科,2026-05-27,4475.0,4690.0,4450.0,4640.0,18260840,4112.0,3701.0,3488.75,2350.75,4536.48,2441.02
2454,聯發科,2026-05-28,4620.0,4685.0,4270.0,4410.0,16433052,4284.0,3801.5,3580.5,2392.58,4612.58,2548.42
2454,聯發科,2026-05-29,4460.0,4485.0,4235.0,4310.0,23109791,4374.0,3906.5,3665.5,2434.17,4639.42,2691.58
2454,聯發科,2026-06-01,4440.0,4710.0,4440.0,4555.0,20083897,4436.0,4022.0,3749.75,2481.42,4725.44,2774.06
2454,聯發科,2026-06-02,4970.0,4970.0,4380.0,4525.0,15626708,4488.0,4159.0,3818.25,2527.25,4810.36,2826.14
2454,聯發科,2026-06-03,4540.0,4650.0,4420.0,4545.0,10480184,4469.0,4290.5,3874.0,2573.58,4899.01,2848.99
2454,聯發科,2026-06-04,4600.0,4685.0,4430.0,4430.0,11204169,4473.0,4378.5,3924.5,2619.67,4954.84,2894.16
2454,聯發科,2026-06-05,4360.0,4430.0,4130.0,4300.0,11919031,4471.0,4422.5,3958.0,2662.92,4991.59,2924.41
2454,聯發科,2026-06-08,3935.0,4090.0,3935.0,4070.0,16219464,4374.0,4405.0,3967.5,2701.33,5001.56,2933.44
2454,聯發科,2026-06-09,4180.0,4475.0,4130.0,4475.0,16487210,4364.0,4426.0,4006.25,2746.17,5056.07,2956.43
2454,聯發科,2026-06-10,4315.0,4520.0,4120.0,4155.0,17412956,4286.0,4377.5,4039.25,2786.75,5062.56,3015.94
2454,聯發科,2026-06-11,4085.0,4150.0,3880.0,4085.0,17556610,4217.0,4345.0,4073.25,2826.33,5052.05,3094.45
2454,聯發科,2026-06-12,4410.0,4415.0,4165.0,4180.0,8765007,4193.0,4332.0,4119.25,2867.17,5020.53,3217.97
2454,聯發科,2026-06-15,4355.0,4545.0,4350.0,4470.0,12014769,4273.0,4323.5,4172.75,2912.83,5019.65,3325.85
2454,聯發科,2026-06-16,4550.0,4565.0,4415.0,4560.0,11309893,4290.0,4327.0,4243.0,2960.83,4957.12,3528.88
2454,聯發科,2026-06-17,4495.0,4535.0,4380.0,4460.0,9197868,4351.0,4318.5,4304.5,3006.83,4841.08,3767.92
2454,聯發科,2026-06-18,4535.0,4590.0,4375.0,4390.0,12997743,4412.0,4314.5,4346.5,3052.92,4749.22,3943.78
2454,聯發科,2026-06-22,4385.0,4565.0,4380.0,4465.0,11596124,4469.0,4331.0,4376.75,3100.33,4710.6,4042.9
2454,聯發科,2026-06-23,4720.0,4785.0,4515.0,4535.0,18449972,4482.0,4377.5,4391.25,3148.92,4726.2,4056.3
2454,聯發科,2026-06-24,4480.0,4515.0,4225.0,4285.0,16421271,4427.0,4358.5,4392.25,3193.83,4725.72,4058.78
2454,聯發科,2026-06-25,4400.0,4445.0,4215.0,4310.0,10274439,4397.0,4374.0,4375.75,3239.25,4689.69,4061.81
2454,聯發科,2026-06-26,4150.0,4185.0,3880.0,3880.0,24916481,4295.0,4353.5,4349.25,3278.75,4732.78,3965.72
2454,聯發科,2026-06-29,3870.0,4000.0,3825.0,3910.0,11358316,4184.0,4326.5,4329.25,3319.08,4760.19,3898.31
2454,聯發科,2026-06-30,4145.0,4300.0,4060.0,4245.0,16095233,4126.0,4304.0,4313.75,3365.42,4732.63,3894.87
2454,聯發科,2026-07-01,4315.0,4380.0,4225.0,4335.0,10163517,4136.0,4281.5,4304.25,3413.25,4711.41,3897.09
2454,聯發科,2026-07-02,4200.0,4380.0,4150.0,4345.0,8544133,4143.0,4270.0,4294.25,3461.17,4686.05,3902.45
2454,聯發科,2026-07-03,4160.0,4230.0,4120.0,4195.0,12778372,4206.0,4250.5,4282.5,3504.75,4671.24,3893.76
2454,聯發科,2026-07-06,4250.0,4325.0,4110.0,4125.0,6897420,4249.0,4216.5,4273.75,3547.25,4668.66,3878.84
2454,聯發科,2026-07-07,4200.0,4250.0,3955.0,4030.0,9083409,4206.0,4166.0,4271.75,3588.17,4671.39,3872.11
2454,聯發科,2026-07-08,4000.0,4040.0,3955.0,3995.0,6728233,4138.0,4137.0,4247.75,3627.75,4653.6,3841.9
2454,聯發科,2026-07-09,3970.0,4050.0,3925.0,3925.0,7370647,4054.0,4098.5,4236.25,3664.5,4665.52,3806.98
2454,聯發科,2026-07-13,4095.0,4095.0,3825.0,3825.0,7033208,3980.0,4093.0,4223.25,3698.42,4686.23,3760.27
2454,聯發科,2026-07-14,3830.0,3860.0,3515.0,3660.0,12479607,3887.0,4068.0,4197.25,3727.83,4724.41,3670.09
2454,聯發科,2026-07-15,3790.0,3790.0,3665.0,3740.0,7313796,3829.0,4017.5,4160.75,3758.08,4709.06,3612.44
2454,聯發科,2026-07-16,3735.0,3755.0,3620.0,3700.0,6009689,3770.0,3954.0,4117.75,3788.08,4669.11,3566.39
2454,聯發科,2026-07-17,3470.0,3570.0,3370.0,3370.0,10967157,3659.0,3856.5,4063.25,3809.42,4683.36,3443.14
2454,聯發科,2026-07-20,3355.0,3435.0,3240.0,3340.0,9227986,3562.0,3771.0,4010.75,3826.83,4689.41,3332.09
2454,聯發科,2026-07-21,3435.0,3670.0,3410.0,3670.0,7741511,3564.0,3725.5,3971.0,3851.08,4630.49,3311.51
2454,聯發科,2026-07-22,4000.0,4000.0,3830.0,3850.0,13766807,3586.0,3707.5,3936.75,3874.67,4541.82,3331.68
2454,聯發科,2026-07-23,3950.0,4050.0,3850.0,3875.0,8514494,3621.0,3695.5,3916.25,3898.67,4499.01,3333.49
2454,聯發科,2026-07-24,3805.0,4010.0,3750.0,3750.0,8980102,3697.0,3678.0,3888.25,3917.58,4444.57,3331.93
2454,聯發科,2026-07-27,3655.0,3710.0,3525.0,3680.0,9134283,3765.0,3663.5,3878.25,3936.0,4442.33,3314.17
2454,聯發科,2026-07-28,3425.0,3460.0,3315.0,3315.0,11958794,3694.0,3629.0,3848.5,3947.75,4465.78,3231.22
2454,聯發科,2026-07-29,3315.0,3335.0,2990.0,3150.0,16174122,3554.0,3570.0,3793.75,3952.42,4455.59,3131.91
2454,聯發科,2026-07-30,3145.0,3410.0,3060.0,3235.0,14125689,3426.0,3523.5,3738.75,3953.75,4394.0,3083.5
2454,聯發科,2026-07-31,3555.0,3555.0,3555.0,3555.0,4033014,3387.0,3542.0,3699.25,3955.83,4292.97,3105.53
2454,聯發科,2026-08-03,3910.0,3910.0,3780.0,3910.0,7516212,3433.0,3599.0,3685.0,3964.0,4241.11,3128.89
2454,聯發科,2026-08-04,4095.0,4095.0,3800.0,3865.0,17318591,3543.0,3618.5,3672.0,3967.92,4196.04,3147.96
2454,聯發科,2026-08-05,4095.0,4125.0,3980.0,4000.0,12935125,3713.0,3633.5,3670.5,3969.92,4190.38,3150.62
2454,聯發科,2026-08-06,4100.0,4100.0,3905.0,3920.0,7213332,3850.0,3638.0,3666.75,3973.58,4177.78,3155.72
2454,聯發科,2026-08-07,3990.0,4010.0,3825.0,3900.0,6607003,3919.0,3653.0,3665.5,3980.33,4173.98,3157.02
2454,聯發科,2026-08-10,3920.0,3995.0,3915.0,3960.0,5872851,3929.0,3681.0,3672.25,3989.58,4193.08,3151.42
2454,聯發科,2026-08-11,3900.0,4050.0,3810.0,4020.0,7709240,3960.0,3751.5,3690.25,4002.25,4233.69,3146.81
2454,聯發科,2026-08-12,3950.0,4030.0,3950.0,4015.0,6018155,3963.0,3838.0,3704.0,4012.5,4266.33,3141.67
2454,聯發科,2026-08-13,4130.0,4295.0,4115.0,4225.0,12263926,4024.0,3937.0,3730.25,4030.33,4338.9,3121.6
2454,聯發科,2026-08-14,4400.0,4400.0,4205.0,4210.0,10696134,4086.0,4002.5,3772.25,4046.67,4392.06,3152.44
2454,聯發科,2026-08-17,4205.0,4225.0,4025.0,4050.0,10559715,4104.0,4016.5,3807.75,4055.0,4404.21,3211.29
2454,聯發科,2026-08-18,4020.0,4050.0,3885.0,3885.0,9323808,4077.0,4018.5,3818.5,4055.42,4412.25,3224.75
2454,聯發科,2026-08-19,3750.0,3910.0,3750.0,3845.0,7036521,4043.0,4003.0,3818.25,4048.75,4411.95,3224.55
2454,聯發科,2026-08-20,3820.0,3870.0,3675.0,3700.0,13213952,3938.0,3981.0,3809.5,4039.33,4404.83,3214.17
2454,聯發科,2026-08-21,3725.0,3810.0,3695.0,3790.0,6657464,3854.0,3970.0,3811.5,4025.17,4406.26,3216.74
2454,聯發科,2026-08-24,3820.0,3825.0,3745.0,3765.0,3321459,3797.0,3950.5,3815.75,4014.42,4407.76,3223.74
2454,聯發科,2026-08-25,3725.0,3735.0,3655.0,3735.0,5403340,3767.0,3922.0,3836.75,4004.83,4381.91,3291.59
2454,聯發科,2026-08-26,3730.0,3965.0,3710.0,3945.0,8370053,3787.0,3915.0,3876.5,3994.67,4316.64,3436.36
2454,聯發科,2026-08-27,4005.0,4005.0,3865.0,3865.0,5702912,3820.0,3879.0,3908.0,3983.67,4228.84,3587.16
2454,聯發科,2026-08-28,3935.0,4000.0,3925.0,3985.0,5064877,3859.0,3856.5,3929.5,3974.33,4205.2,3653.8
2454,聯發科,2026-08-31,3885.0,3945.0,3820.0,3925.0,7222243,3891.0,3844.0,3930.25,3965.92,4205.81,3654.69
2454,聯發科,2026-09-01,4315.0,4315.0,4315.0,4315.0,4931652,4007.0,3887.0,3952.75,3966.17,4275.35,3630.15
2454,聯發科,2026-09-02,4450.0,4565.0,4230.0,4275.0,23567252,4073.0,3930.0,3966.5,3969.58,4319.58,3613.42
2454,聯發科,2026-09-03,4400.0,4420.0,4290.0,4340.0,9510164,4168.0,3994.0,3987.5,3967.33,4377.01,3597.99
2454,聯發科,2026-09-04,4435.0,4490.0,4340.0,4415.0,9051589,4254.0,4056.5,4013.25,3971.67,4444.29,3582.21
3231,緯創,2026-04-29,139.0,140.5,136.5,140.5,23368657,140.9,140.4,135.22,132.32,148.71,121.74
3231,緯創,2026-04-30,139.5,140.5,136.0,137.0,26873000,140.4,140.7,135.95,132.34,148.05,123.85
3231,緯創,2026-05-04,138.5,141.0,138.0,140.5,23500802,140.2,141.1,136.62,132.41,148.11,125.14
3231,緯創,2026-05-05,140.5,142.5,139.0,142.0,24899321,140.1,141.25,137.47,132.5,147.79,127.16
3231,緯創,2026-05-06,143.5,146.5,142.5,146.5,71828870,141.3,141.45,138.62,132.7,147.4,129.85
3231,緯創,2026-05-07,148.5,149.0,143.5,146.0,43321585,142.4,141.65,139.38,132.89,147.96,130.79
3231,緯創,2026-05-08,146.0,149.0,143.5,146.5,44206588,144.3,142.35,140.07,133.12,148.59,131.56
3231,緯創,2026-05-11,147.0,147.0,138.0,139.0,114217157,144.0,142.1,140.28,133.27,148.47,132.08
3231,緯創,2026-05-12,139.0,143.0,135.5,141.5,75965973,143.9,142.0,140.62,133.49,148.36,132.89
3231,緯創,2026-05-13,139.0,141.5,138.0,140.5,26883326,142.7,142.0,140.82,133.69,148.32,133.33
3231,緯創,2026-05-14,140.5,141.5,138.0,138.0,42377535,141.1,141.75,141.07,133.84,147.76,134.39
3231,緯創,2026-05-15,139.5,144.0,135.0,135.5,67278955,138.9,141.6,141.15,133.97,147.53,134.77
3231,緯創,2026-05-18,135.0,136.5,132.0,135.5,29121539,138.2,141.1,141.1,134.08,147.64,134.56
3231,緯創,2026-05-19,135.5,136.0,132.5,132.5,25581469,136.4,140.15,140.7,134.11,148.29,133.11
3231,緯創,2026-05-20,134.0,135.5,132.0,132.5,20642900,134.8,138.75,140.1,134.16,148.3,131.9
3231,緯創,2026-05-21,134.5,141.5,134.0,140.0,53678775,135.2,138.15,139.9,134.3,147.89,131.91
3231,緯創,2026-05-22,142.5,146.0,139.5,144.5,70277790,137.0,137.95,140.15,134.55,148.4,131.9
3231,緯創,2026-05-25,148.5,150.5,147.0,149.0,70126881,139.7,138.95,140.53,134.85,149.66,131.39
3231,緯創,2026-05-26,149.5,149.5,145.5,146.0,35795574,142.4,139.4,140.7,134.98,150.13,131.27
3231,緯創,2026-05-27,147.5,148.5,143.5,145.0,37563298,144.9,139.85,140.93,135.13,150.55,131.3
3231,緯創,2026-05-28,146.0,149.0,143.0,144.5,41753832,145.8,140.5,141.12,135.29,150.87,131.38
3231,緯創,2026-05-29,154.0,158.5,153.0,158.5,114139019,148.6,142.8,142.2,135.74,154.45,129.95
3231,緯創,2026-06-01,174.0,174.0,172.5,174.0,94609409,153.6,146.65,143.88,136.56,162.6,125.15
3231,緯創,2026-06-02,179.0,191.0,177.0,191.0,282187864,162.6,152.5,146.32,137.6,174.47,118.18
3231,緯創,2026-06-03,193.0,201.0,188.0,194.0,175481303,172.4,158.65,148.7,138.66,184.01,113.39
3231,緯創,2026-06-04,188.0,189.0,176.0,176.0,128624056,178.7,162.25,150.2,139.47,187.52,112.88
3231,緯創,2026-06-05,172.5,174.0,165.5,171.0,75786051,181.2,164.9,151.43,140.17,189.83,113.02
3231,緯創,2026-06-08,156.0,163.5,156.0,163.5,71040675,179.1,166.35,152.65,140.68,190.95,114.35
3231,緯創,2026-06-09,166.0,168.5,163.0,165.5,64817452,174.0,168.3,153.85,141.22,192.18,115.52
3231,緯創,2026-06-10,162.5,165.0,158.0,158.0,42514909,166.8,169.6,154.72,141.62,192.57,116.88
3231,緯創,2026-06-11,157.0,159.0,150.5,152.5,55231062,162.1,170.4,155.45,141.92,192.49,118.41
3231,緯創,2026-06-12,159.0,159.0,156.0,156.0,38077913,159.1,170.15,156.47,142.28,192.3,120.65
3231,緯創,2026-06-15,162.0,166.0,158.5,161.5,46483201,158.7,168.9,157.78,142.8,192.26,123.29
3231,緯創,2026-06-16,162.0,162.0,158.0,158.0,31462271,157.2,165.6,159.05,143.31,191.42,126.68
3231,緯創,2026-06-17,158.5,164.5,158.0,162.5,49733205,158.1,162.45,160.55,143.85,190.43,130.67
3231,緯創,2026-06-18,162.0,163.5,160.5,161.5,45633029,159.9,161.0,161.62,144.45,189.89,133.36
3231,緯創,2026-06-22,164.5,166.0,161.5,162.5,45905638,161.2,160.15,162.53,145.01,189.62,135.43
3231,緯創,2026-06-23,163.0,163.5,158.0,158.5,46744847,160.6,159.65,163.0,145.52,189.42,136.58
3231,緯創,2026-06-24,156.5,159.5,155.0,157.5,30028729,160.5,158.85,163.57,146.03,188.92,138.23
3231,緯創,2026-06-25,159.5,162.0,156.5,160.0,42348647,160.0,159.05,164.32,146.57,188.2,140.45
3231,緯創,2026-06-26,159.0,159.0,153.0,153.0,43076438,158.3,159.1,164.75,147.03,187.41,142.09
3231,緯創,2026-06-29,154.0,158.0,153.5,154.5,27017688,156.7,158.95,164.55,147.57,187.51,141.59
3231,緯創,2026-06-30,157.5,160.0,156.0,158.5,27371856,156.7,158.65,163.78,148.09,186.43,141.12
3231,緯創,2026-07-01,161.0,162.0,159.0,159.5,37036945,157.1,158.8,162.2,148.67,180.93,143.47
3231,緯創,2026-07-02,157.0,160.0,156.0,158.5,17411425,156.8,158.4,160.43,149.25,171.72,149.13
3231,緯創,2026-07-03,157.5,161.5,157.5,159.0,24768914,158.0,158.15,159.57,149.72,168.17,150.98
3231,緯創,2026-07-06,161.0,162.0,157.5,158.0,26189698,158.7,157.7,158.93,150.14,165.64,152.21
3231,緯創,2026-07-07,158.5,159.5,155.5,155.5,34773345,158.1,157.4,158.53,150.48,165.04,152.01
3231,緯創,2026-07-08,150.0,152.0,145.0,146.5,59256833,155.5,156.3,157.57,150.68,165.25,149.9
3231,緯創,2026-07-09,147.0,148.0,144.5,144.5,29080046,152.7,154.75,156.9,150.82,166.54,147.26
3231,緯創,2026-07-13,147.0,148.0,142.5,143.5,27031128,149.6,153.8,156.45,150.99,167.67,145.23
3231,緯創,2026-07-14,144.0,145.0,139.0,142.5,27925626,146.5,152.6,155.78,151.13,168.61,142.94
3231,緯創,2026-07-15,144.0,146.5,142.5,145.5,26071700,144.5,151.3,154.97,151.28,168.29,141.66
3231,緯創,2026-07-16,144.5,148.0,143.0,146.5,30591982,144.5,150.0,154.4,151.38,168.16,140.64
3231,緯創,2026-07-17,144.0,144.5,139.0,139.0,38762694,143.4,148.05,153.22,151.29,168.04,138.41
3231,緯創,2026-07-20,142.0,147.0,141.5,143.5,51717481,143.4,146.5,152.32,151.28,167.21,137.44
3231,緯創,2026-07-21,145.0,150.5,144.5,149.5,36192970,144.8,145.65,151.68,151.45,165.81,137.54
3231,緯創,2026-07-22,154.0,164.0,153.5,164.0,94856772,148.5,146.5,151.95,151.82,166.84,137.06
3231,緯創,2026-07-23,168.0,179.5,165.5,173.5,218008949,153.9,149.2,152.75,152.34,170.36,135.14
3231,緯創,2026-07-24,175.0,184.0,173.0,179.0,179841065,161.9,152.65,153.7,152.98,174.68,132.72
3231,緯創,2026-07-27,180.0,180.5,167.5,177.0,109006063,168.6,156.0,154.9,153.59,178.32,131.48
3231,緯創,2026-07-28,168.0,177.5,167.0,170.0,83361429,172.7,158.75,155.68,154.14,180.05,131.3
3231,緯創,2026-07-29,173.0,178.5,164.0,169.5,155521276,173.8,161.15,156.22,154.62,181.35,131.1
3231,緯創,2026-07-30,170.0,170.5,157.5,160.0,82602193,171.1,162.5,156.25,154.93,181.39,131.11
3231,緯創,2026-07-31,176.0,176.0,165.5,176.0,138686721,170.5,166.2,157.12,155.42,183.77,130.48
3231,緯創,2026-08-03,172.5,188.0,169.5,186.0,162427285,172.3,170.45,158.47,156.08,188.09,128.86
3231,緯創,2026-08-04,186.5,198.0,183.0,195.0,153901367,177.3,175.0,160.32,156.89,194.14,126.51
3231,緯創,2026-08-05,198.0,202.5,190.0,193.0,206766416,182.0,177.9,162.2,157.79,198.92,125.48
3231,緯創,2026-08-06,193.5,199.0,188.0,189.5,83293423,187.9,179.5,164.35,158.59,202.22,126.48
3231,緯創,2026-08-07,188.0,188.0,180.5,183.5,65415961,189.4,179.95,166.3,159.31,203.88,128.72
3231,緯創,2026-08-10,185.5,193.5,184.5,193.0,69635753,190.8,181.55,168.78,160.22,206.55,131.0
3231,緯創,2026-08-11,190.0,193.5,188.0,191.0,34518451,190.0,183.65,171.2,161.15,208.09,134.31
3231,緯創,2026-08-12,189.5,195.0,189.0,193.5,43108701,190.1,186.05,173.6,162.12,209.69,137.51
3231,緯創,2026-08-13,196.0,199.5,193.5,197.0,72282415,191.6,189.75,176.12,163.19,211.28,140.97
3231,緯創,2026-08-14,198.0,206.0,193.0,193.5,94749279,193.6,191.5,178.85,164.21,210.13,147.57
3231,緯創,2026-08-17,193.5,193.5,184.5,187.0,51873498,192.4,191.6,181.03,164.99,207.66,154.39
3231,緯創,2026-08-18,186.5,187.0,179.0,181.0,39193616,190.4,190.2,182.6,165.6,204.73,160.47
3231,緯創,2026-08-19,177.0,182.0,175.0,182.0,28162708,188.1,189.1,183.5,166.15,203.83,163.17
3231,緯創,2026-08-20,183.5,184.0,177.0,180.0,33489412,184.7,188.15,183.82,166.72,203.69,163.96
3231,緯創,2026-08-21,178.0,178.0,175.0,175.5,28030661,181.1,187.35,183.65,167.22,203.75,163.55
3231,緯創,2026-08-24,176.0,177.5,173.5,175.5,20241627,178.8,185.6,183.57,167.74,203.79,163.36
3231,緯創,2026-08-25,177.5,184.5,172.5,178.5,56952684,178.3,184.35,184.0,168.07,203.35,164.65
3231,緯創,2026-08-26,177.0,182.0,176.0,182.0,21024695,178.3,183.2,184.62,168.21,202.78,166.47
3231,緯創,2026-08-27,184.5,188.0,179.0,179.5,50713058,178.2,181.45,185.6,168.02,199.86,171.34
3231,緯創,2026-08-28,182.5,183.5,178.0,178.0,26484639,178.7,179.9,185.7,167.75,199.7,171.7
3231,緯創,2026-08-31,176.0,181.0,174.0,178.0,38946890,179.2,179.0,185.3,167.78,199.72,170.88
3231,緯創,2026-09-01,179.0,182.0,178.0,182.0,27956611,179.9,179.1,184.65,167.97,198.38,170.92
3231,緯創,2026-09-02,184.0,192.5,183.0,185.5,84035531,180.6,179.45,184.28,168.33,197.44,171.11
3231,緯創,2026-09-03,188.0,196.0,186.5,188.5,97294860,182.4,180.3,184.22,168.72,197.32,171.13
3231,緯創,2026-09-04,195.5,200.0,193.0,198.0,82904263,186.4,182.55,184.95,169.38,199.41,170.49
2382,廣達,2026-04-29,322.0,322.0,317.0,322.0,11774226,322.7,325.9,314.7,295.06,348.31,281.09
2382,廣達,2026-04-30,320.0,321.0,312.0,312.5,18917525,320.8,325.3,316.4,295.55,345.43,287.37
2382,廣達,2026-05-04,317.5,321.5,315.0,318.0,17713587,319.8,324.8,317.77,296.18,344.12,291.43
2382,廣達,2026-05-05,317.0,323.5,315.0,321.0,12463306,318.9,324.0,319.6,296.75,340.8,298.4
2382,廣達,2026-05-06,328.0,348.0,328.0,346.5,44808704,324.0,324.65,322.48,297.73,341.7,303.25
2382,廣達,2026-05-07,349.0,352.5,341.0,344.0,23382815,328.4,325.55,324.3,298.68,344.45,304.15
2382,廣達,2026-05-08,343.5,345.5,335.5,340.5,17406713,334.0,327.4,325.68,299.64,346.33,305.02
2382,廣達,2026-05-11,350.0,350.0,341.5,343.5,14508377,339.1,329.45,326.77,300.7,348.79,304.76
2382,廣達,2026-05-12,346.5,347.5,338.0,340.0,12855467,342.9,330.9,327.82,301.82,350.28,305.37
2382,廣達,2026-05-13,339.5,343.0,335.5,340.5,13159804,341.7,332.85,328.7,302.88,351.72,305.68
2382,廣達,2026-05-14,346.0,351.5,333.0,334.5,21733250,339.8,334.1,330.0,303.82,351.07,308.93
2382,廣達,2026-05-15,310.0,317.0,305.0,306.0,66013746,332.9,333.45,329.38,304.38,352.52,306.23
2382,廣達,2026-05-18,305.0,305.0,296.0,300.0,36475336,324.2,331.65,328.23,304.72,354.74,301.71
2382,廣達,2026-05-19,300.0,302.5,290.0,290.0,37484794,314.2,328.55,326.27,304.82,357.81,294.74
2382,廣達,2026-05-20,288.5,294.0,288.5,290.0,36185735,304.1,322.9,323.77,304.9,358.5,289.05
2382,廣達,2026-05-21,296.0,312.5,295.0,308.0,38942347,298.8,319.3,322.43,305.27,357.41,287.44
2382,廣達,2026-05-22,310.0,317.0,305.5,316.0,36233592,300.8,316.85,322.12,305.81,357.23,287.02
2382,廣達,2026-05-25,322.0,325.0,316.5,316.5,46775832,304.1,314.15,321.8,306.35,356.99,286.61
2382,廣達,2026-05-26,322.0,327.0,316.5,316.5,46085483,309.4,311.8,321.35,306.67,356.57,286.13
2382,廣達,2026-05-27,322.0,323.5,312.0,312.0,43591575,313.8,308.95,320.9,307.01,356.37,285.43
2382,廣達,2026-05-28,312.5,319.0,308.5,308.5,43210473,313.9,306.35,320.23,307.13,356.11,284.34
2382,廣達,2026-05-29,315.5,339.0,315.5,339.0,87792646,318.5,309.65,321.55,307.88,358.19,284.91
2382,廣達,2026-06-01,366.0,372.5,361.0,372.5,76692327,329.7,316.9,324.27,309.4,367.34,281.21
2382,廣達,2026-06-02,375.0,409.5,369.5,400.5,151608396,346.5,327.95,328.25,311.25,383.11,273.39
2382,廣達,2026-06-03,408.5,438.0,393.0,417.0,111020362,367.5,340.65,331.77,313.38,399.19,264.36
2382,廣達,2026-06-04,402.0,412.0,395.0,404.0,73706806,386.6,350.25,334.77,315.42,409.43,260.12
2382,廣達,2026-06-05,392.5,395.5,375.0,390.5,69275731,396.9,357.7,337.27,317.22,415.98,258.57
2382,廣達,2026-06-08,357.0,376.5,357.0,376.5,63428197,397.7,363.7,338.93,318.68,419.54,258.31
2382,廣達,2026-06-09,378.0,383.0,373.5,375.0,50920829,392.6,369.55,340.68,320.12,422.89,258.46
2382,廣達,2026-06-10,370.0,380.5,363.5,380.5,46184781,385.3,376.4,342.68,321.64,426.8,258.55
2382,廣達,2026-06-11,373.5,385.0,359.0,370.0,48409395,378.5,382.55,344.45,322.99,429.34,259.56
2382,廣達,2026-06-12,378.0,384.0,372.0,372.0,24305308,374.8,385.85,347.75,324.38,431.47,264.03
2382,廣達,2026-06-15,381.5,386.5,368.0,370.0,22408965,373.5,385.6,351.25,325.66,432.38,270.12
2382,廣達,2026-06-16,371.5,372.5,362.0,362.5,20112630,371.0,381.8,354.88,326.93,430.79,278.96
2382,廣達,2026-06-17,361.0,374.0,358.0,374.0,21858689,369.7,377.5,359.07,328.43,428.93,289.22
2382,廣達,2026-06-18,374.5,379.5,372.5,376.0,22566584,370.9,374.7,362.48,330.03,428.37,296.58
2382,廣達,2026-06-22,378.5,385.0,376.5,380.0,20023542,372.5,373.65,365.68,331.68,428.2,303.15
2382,廣達,2026-06-23,381.0,381.0,368.0,372.5,16362886,373.0,373.25,368.48,333.13,426.59,310.36
2382,廣達,2026-06-24,367.0,372.0,364.5,372.0,11120601,374.9,372.95,371.25,334.55,423.96,318.54
2382,廣達,2026-06-25,375.0,375.0,365.0,366.5,13596942,373.4,371.55,373.98,335.84,418.84,329.11
2382,廣達,2026-06-26,362.0,372.0,357.0,362.0,20757530,370.6,370.75,376.65,337.19,409.97,343.33
2382,廣達,2026-06-29,368.0,372.0,363.0,367.0,11562314,368.0,370.25,378.05,338.67,406.74,349.36
2382,廣達,2026-06-30,371.0,371.5,365.5,368.0,11181396,367.1,370.05,377.82,339.96,406.77,348.88
2382,廣達,2026-07-01,373.5,376.5,368.5,372.0,13892612,367.1,371.0,376.4,341.42,403.39,349.41
2382,廣達,2026-07-02,366.0,372.0,365.5,369.0,9014780,367.6,370.5,374.0,342.75,393.2,354.8
2382,廣達,2026-07-03,369.0,378.0,368.5,377.0,13135151,370.6,370.6,372.65,343.91,385.81,359.49
2382,廣達,2026-07-06,381.5,393.0,378.0,378.0,25001955,372.8,370.4,372.02,344.99,382.54,361.51
2382,廣達,2026-07-07,374.5,380.0,372.5,373.0,15592266,373.8,370.45,371.85,345.85,382.17,361.53
2382,廣達,2026-07-08,376.0,380.5,367.0,377.0,15636669,374.8,370.95,371.95,346.82,382.43,361.47
2382,廣達,2026-07-09,379.5,380.5,373.5,373.5,13993644,375.7,371.65,371.6,347.66,381.32,361.88
2382,廣達,2026-07-13,377.0,385.0,374.0,378.0,17625716,375.9,373.25,372.0,348.82,382.09,361.91
2382,廣達,2026-07-14,378.0,380.0,368.0,380.0,25976500,376.3,374.55,372.4,349.84,383.11,361.69
2382,廣達,2026-07-15,383.5,384.0,376.0,381.0,24915093,377.9,375.85,372.95,350.81,384.25,361.65
2382,廣達,2026-07-16,360.5,360.5,349.0,352.0,33111611,372.9,373.85,372.43,351.19,386.43,358.42
2382,廣達,2026-07-17,346.0,349.0,324.5,325.5,33474930,363.3,369.5,370.0,350.95,395.19,344.81
2382,廣達,2026-07-20,331.5,333.0,309.0,316.0,36017076,350.9,363.4,367.0,350.63,401.68,332.32
2382,廣達,2026-07-21,319.5,324.0,314.0,324.0,22568430,339.7,358.0,364.2,350.67,403.23,325.17
2382,廣達,2026-07-22,326.0,335.0,326.0,329.0,23698660,329.3,353.6,362.02,350.77,403.86,320.19
2382,廣達,2026-07-23,331.0,337.5,328.0,336.0,24000085,326.1,349.5,360.23,350.94,403.33,317.12
2382,廣達,2026-07-24,330.0,335.0,328.0,328.0,11901559,326.6,344.95,358.3,351.06,403.61,312.99
2382,廣達,2026-07-27,324.5,326.5,314.5,322.0,19764190,327.8,339.35,356.3,351.06,404.37,308.23
2382,廣達,2026-07-28,312.0,315.5,308.0,313.5,20455771,325.7,332.7,353.62,351.07,405.02,302.23
2382,廣達,2026-07-29,319.0,322.5,301.5,309.5,28018749,321.8,325.55,350.7,350.93,405.22,296.18
2382,廣達,2026-07-30,288.0,288.0,279.0,279.0,60476779,310.4,318.25,346.05,350.23,408.24,283.86
2382,廣達,2026-07-31,299.0,299.0,285.0,291.5,49270092,303.1,314.85,342.18,349.32,407.9,276.45
2382,廣達,2026-08-03,287.5,300.0,284.0,296.5,29365626,298.0,312.9,338.15,348.52,404.75,271.55
2382,廣達,2026-08-04,291.0,305.0,291.0,300.5,24772410,295.4,310.55,334.27,347.86,400.13,268.42
2382,廣達,2026-08-05,306.5,310.5,302.5,304.0,19176092,294.3,308.05,330.82,347.2,395.35,266.3
2382,廣達,2026-08-06,301.5,305.0,299.0,302.0,13734715,298.9,304.65,327.07,346.57,388.97,265.18
2382,廣達,2026-08-07,305.0,305.0,295.0,298.0,17516962,300.2,301.65,323.3,345.86,382.42,264.18
2382,廣達,2026-08-10,301.0,313.5,300.0,313.5,22764127,303.6,300.8,320.07,345.51,373.38,266.77
2382,廣達,2026-08-11,312.5,316.5,309.5,315.5,15798104,306.6,301.0,316.85,345.67,362.08,271.62
2382,廣達,2026-08-12,317.0,330.0,316.5,325.5,28857089,310.9,302.6,314.07,346.09,348.18,279.97
2382,廣達,2026-08-13,328.0,328.5,320.5,325.0,19688533,315.5,307.2,312.73,346.68,342.35,283.1
2382,廣達,2026-08-14,325.0,336.5,318.0,327.5,44245049,321.4,310.8,312.82,347.3,342.64,283.01
2382,廣達,2026-08-17,332.0,339.0,330.5,333.5,30494447,325.4,314.5,313.7,347.73,344.91,282.49
2382,廣達,2026-08-18,330.0,330.5,323.5,327.0,15430111,327.7,317.15,313.85,347.91,345.29,282.41
2382,廣達,2026-08-19,321.5,333.5,317.5,331.0,16525261,328.8,319.85,313.95,348.15,345.61,282.29
2382,廣達,2026-08-20,330.0,333.0,325.0,327.0,12791598,329.2,322.35,313.5,348.32,344.08,282.92
2382,廣達,2026-08-21,327.5,327.5,320.5,321.5,8751856,328.0,324.7,313.18,348.48,343.24,283.11
2382,廣達,2026-08-24,321.5,325.5,321.0,325.0,5764547,326.3,325.85,313.32,348.76,343.6,283.05
2382,廣達,2026-08-25,321.5,328.5,319.5,328.5,19366915,326.6,327.15,314.07,348.58,345.1,283.05
2382,廣達,2026-08-26,327.5,333.0,325.0,332.5,8806245,326.9,327.85,315.23,347.92,347.23,283.22
2382,廣達,2026-08-27,334.5,339.0,331.0,333.5,11606946,328.2,328.7,317.95,346.8,346.0,289.9
2382,廣達,2026-08-28,336.5,338.5,330.0,332.5,10708500,330.4,329.2,320.0,345.39,345.82,294.18
2382,廣達,2026-08-31,329.5,338.5,326.0,338.5,18306869,333.1,329.7,322.1,344.3,346.67,297.53
2382,廣達,2026-09-01,337.0,342.0,335.5,342.0,14159329,335.8,331.2,324.18,343.49,348.07,300.28
2382,廣達,2026-09-02,338.0,341.5,336.0,337.0,9424750,336.7,331.8,325.82,342.83,348.37,303.28
2382,廣達,2026-09-03,339.5,342.5,332.5,335.0,11868856,337.0,332.6,327.48,342.17,347.35,307.6
2382,廣達,2026-09-04,340.5,347.0,340.5,345.0,20571056,339.5,334.95,329.82,341.57,345.75,313.9
2376,技嘉,2026-04-29,281.0,281.0,271.0,272.5,7261839,278.4,280.7,263.82,242.82,308.64,219.01
2376,技嘉,2026-04-30,273.0,280.0,271.0,273.0,5636066,278.0,279.9,266.35,243.38,306.84,225.86
2376,技嘉,2026-05-04,278.0,282.0,270.5,279.0,6508646,278.2,279.65,268.7,244.06,306.14,231.26
2376,技嘉,2026-05-05,279.0,281.0,275.5,279.5,4539828,277.1,279.7,271.27,244.68,303.67,238.88
2376,技嘉,2026-05-06,283.0,304.5,283.0,301.0,24158935,281.0,280.95,275.2,245.68,301.08,249.32
2376,技嘉,2026-05-07,311.0,316.5,300.5,309.0,24537224,288.3,283.35,278.43,246.82,304.27,252.58
2376,技嘉,2026-05-08,316.0,323.5,304.5,317.0,21918327,297.1,287.55,281.73,248.15,309.6,253.85
2376,技嘉,2026-05-11,329.0,333.0,317.0,324.5,20716173,306.2,292.2,284.82,249.68,317.14,252.51
2376,技嘉,2026-05-12,327.5,329.0,315.0,321.0,12394600,314.5,295.8,287.68,251.23,322.23,253.12
2376,技嘉,2026-05-13,317.5,318.0,310.5,313.5,12824543,317.0,299.0,290.18,252.66,324.6,255.75
2376,技嘉,2026-05-14,322.5,332.0,320.0,327.0,16985216,320.6,304.45,292.57,254.29,330.26,254.89
2376,技嘉,2026-05-15,330.0,332.0,315.0,326.5,20435886,322.5,309.8,294.85,255.97,335.0,254.7
2376,技嘉,2026-05-18,336.0,351.0,328.0,330.5,39137868,323.7,314.95,297.3,257.68,339.93,254.67
2376,技嘉,2026-05-19,320.0,324.0,304.5,305.0,33752266,320.5,317.5,298.6,259.03,340.46,256.74
2376,技嘉,2026-05-20,309.0,313.5,300.0,302.0,13967293,318.2,317.6,299.27,260.29,340.88,257.67
2376,技嘉,2026-05-21,308.0,319.5,305.0,316.5,15510557,316.1,318.35,300.85,261.74,342.56,259.14
2376,技嘉,2026-05-22,318.5,325.0,311.5,322.5,13226599,315.3,318.9,303.23,263.33,344.14,262.31
2376,技嘉,2026-05-25,331.5,343.0,331.0,336.5,17128036,316.5,320.1,306.15,265.14,347.83,264.47
2376,技嘉,2026-05-26,340.0,340.5,330.0,336.0,11025246,322.7,321.6,308.7,266.82,351.17,266.23
2376,技嘉,2026-05-27,341.0,341.0,331.0,332.5,9035273,328.8,323.5,311.25,268.38,352.96,269.54
2376,技嘉,2026-05-28,336.0,350.0,331.0,337.5,17174957,333.0,324.55,314.5,270.06,353.54,275.46
2376,技嘉,2026-05-29,350.5,371.0,350.0,370.0,33434927,342.5,328.9,319.35,272.41,360.71,277.99
2376,技嘉,2026-06-01,385.0,396.0,376.5,387.0,38916483,352.6,334.55,324.75,275.29,371.75,277.75
2376,技嘉,2026-06-02,387.5,395.0,379.5,390.5,25610532,363.5,343.1,330.3,278.17,380.88,279.72
2376,技嘉,2026-06-03,392.0,402.0,377.0,399.0,23444363,376.8,352.8,335.2,281.17,392.38,278.02
2376,技嘉,2026-06-04,391.0,392.5,372.5,374.0,22721974,384.1,358.55,338.45,283.82,396.74,280.16
2376,技嘉,2026-06-05,370.0,375.0,358.5,369.0,17414787,383.9,363.2,341.05,286.28,399.95,282.15
2376,技嘉,2026-06-08,335.0,349.0,335.0,345.0,15202762,375.5,364.05,342.07,288.17,400.47,283.68
2376,技嘉,2026-06-09,349.5,360.0,343.0,359.0,12395319,369.2,366.35,343.98,290.35,401.96,285.99
2376,技嘉,2026-06-10,350.0,357.0,343.0,344.5,15746992,358.3,367.55,345.52,292.21,401.71,289.34
2376,技嘉,2026-06-11,344.0,348.5,332.0,340.0,12564228,351.5,367.8,346.18,293.93,401.75,290.6
2376,技嘉,2026-06-12,352.0,354.0,341.0,342.0,8171537,346.1,365.0,346.95,295.5,401.8,292.1
2376,技嘉,2026-06-15,350.0,353.5,343.5,349.5,5695443,347.0,361.25,347.9,297.17,402.2,293.6
2376,技嘉,2026-06-16,352.5,352.5,345.0,348.0,5609570,344.8,357.0,350.05,298.84,400.47,299.63
2376,技嘉,2026-06-17,346.0,349.5,343.0,347.5,5752681,345.4,351.85,352.32,300.49,397.44,307.21
2376,技嘉,2026-06-18,348.0,353.0,344.0,344.0,8646604,346.2,348.85,353.7,302.35,395.8,311.6
2376,技嘉,2026-06-22,350.0,351.0,337.5,339.5,13004047,345.7,345.9,354.55,304.09,394.63,314.47
2376,技嘉,2026-06-23,340.0,340.0,328.5,330.5,8905417,341.9,344.45,354.25,305.7,394.98,313.52
2376,技嘉,2026-06-24,330.0,339.0,325.0,339.0,7343440,340.1,342.45,354.4,307.46,394.87,313.93
2376,技嘉,2026-06-25,341.0,344.0,332.0,334.0,5870093,337.4,341.4,354.48,309.11,394.78,314.17
2376,技嘉,2026-06-26,330.0,330.5,318.5,319.5,9847137,332.5,339.35,353.57,310.63,396.21,310.94
2376,技嘉,2026-06-29,320.0,330.0,320.0,325.0,4846763,329.6,337.65,351.32,312.34,395.05,307.6
2376,技嘉,2026-06-30,332.0,346.5,332.0,344.0,11368996,332.3,337.1,349.18,314.21,389.62,308.73
2376,技嘉,2026-07-01,348.5,348.5,337.5,337.5,6161007,332.0,336.05,346.52,316.03,382.24,310.81
2376,技嘉,2026-07-02,337.0,343.5,332.5,338.5,4406993,332.9,335.15,343.5,317.97,369.4,317.6
2376,技嘉,2026-07-03,337.5,342.5,336.5,338.5,3839419,336.7,334.6,341.73,319.53,363.33,320.12
2376,技嘉,2026-07-06,343.0,344.0,336.0,336.5,4511072,339.0,334.3,340.1,320.96,357.56,322.64
2376,技嘉,2026-07-07,337.0,340.0,327.0,327.0,5617706,335.6,333.95,339.2,322.03,357.44,320.96
2376,技嘉,2026-07-08,328.5,337.0,328.0,335.0,4776056,335.1,333.55,338.0,323.22,353.74,322.26
2376,技嘉,2026-07-09,337.0,341.5,334.0,336.5,4075604,334.7,333.8,337.6,324.43,353.05,322.15
2376,技嘉,2026-07-13,341.5,342.5,334.0,335.5,4320187,334.1,335.4,337.38,325.38,352.81,321.94
2376,技嘉,2026-07-14,339.0,339.0,323.5,334.0,4898954,333.6,336.3,336.98,326.26,352.31,321.64
2376,技嘉,2026-07-15,337.0,345.5,335.0,344.0,4886987,337.0,336.3,336.7,327.3,351.27,322.13
2376,技嘉,2026-07-16,342.5,342.5,335.5,337.0,5415663,337.4,336.25,336.15,328.27,349.72,322.58
2376,技嘉,2026-07-17,330.0,332.0,323.5,325.0,8552370,335.1,334.9,335.02,328.88,348.36,321.69
2376,技嘉,2026-07-20,328.0,336.0,317.5,331.0,7450480,334.2,334.15,334.38,329.64,347.13,321.62
2376,技嘉,2026-07-21,331.0,341.0,330.5,341.0,4891236,335.6,334.6,334.45,330.74,347.35,321.55
2376,技嘉,2026-07-22,343.0,350.0,342.5,348.0,7898953,336.4,336.7,335.32,331.91,349.41,321.24
2376,技嘉,2026-07-23,350.5,354.5,344.5,354.5,7441425,339.9,338.65,336.1,333.07,352.55,319.65
2376,技嘉,2026-07-24,350.5,358.0,347.0,354.5,7613423,345.8,340.45,337.12,334.28,355.47,318.78
2376,技嘉,2026-07-27,355.0,355.0,338.0,349.5,6567620,349.5,341.85,338.62,335.57,355.76,321.49
2376,技嘉,2026-07-28,340.0,341.0,326.0,327.0,9088736,346.7,341.15,338.73,336.47,355.55,321.9
2376,技嘉,2026-07-29,331.0,336.0,315.5,321.5,7550654,341.4,338.9,337.6,337.18,355.89,319.31
2376,技嘉,2026-07-30,322.5,323.5,312.0,318.5,5338506,334.2,337.05,336.65,337.82,356.83,316.47
2376,技嘉,2026-07-31,331.0,339.5,328.0,336.5,8320257,330.6,338.2,336.55,338.42,356.71,316.39
2376,技嘉,2026-08-03,320.0,332.5,314.0,324.5,10891022,325.6,337.55,335.85,338.68,356.69,315.01
2376,技嘉,2026-08-04,323.5,338.0,320.0,332.0,10157491,326.6,336.65,335.62,338.93,356.53,314.72
2376,技嘉,2026-08-05,340.0,347.0,338.0,342.0,10360283,330.7,336.05,336.38,339.22,357.06,315.69
2376,技嘉,2026-08-06,342.0,348.5,339.0,344.0,7489755,335.8,335.0,336.82,339.6,357.77,315.88
2376,技嘉,2026-08-07,348.5,351.0,341.0,344.0,5232862,337.3,333.95,337.2,340.11,358.39,316.01
2376,技嘉,2026-08-10,345.5,352.0,343.0,349.5,6544561,342.3,333.95,337.9,340.48,359.76,316.04
2376,技嘉,2026-08-11,349.5,353.0,346.5,350.5,4100430,346.0,336.3,338.73,340.88,361.21,316.24
2376,技嘉,2026-08-12,352.0,381.0,352.0,375.5,17992451,352.7,341.7,340.3,341.63,368.12,312.48
2376,技嘉,2026-08-13,385.5,395.0,379.5,393.5,18530239,362.6,349.2,343.12,343.11,379.65,306.6
2376,技嘉,2026-08-14,390.0,402.0,386.5,397.5,14334527,373.3,355.3,346.75,344.7,389.55,303.95
2376,技嘉,2026-08-17,380.0,381.5,358.0,358.0,22954921,375.0,358.65,348.1,345.39,390.51,305.69
2376,技嘉,2026-08-18,359.0,362.5,346.0,348.0,13207722,374.5,360.25,348.45,345.82,390.73,306.17
2376,技嘉,2026-08-19,343.0,352.5,339.0,348.5,6754187,369.1,360.9,348.48,346.02,390.75,306.2
2376,技嘉,2026-08-20,354.0,355.0,342.0,344.0,5861465,359.2,360.9,347.95,346.15,390.17,305.73
2376,技嘉,2026-08-21,342.5,344.0,338.5,339.5,3485613,347.6,360.45,347.2,346.27,389.47,304.93
2376,技嘉,2026-08-24,338.5,343.5,337.0,341.0,2793179,344.2,359.6,346.77,346.32,389.11,304.44
2376,技嘉,2026-08-25,338.5,349.5,335.5,347.5,3197185,344.1,359.3,347.8,345.95,389.1,306.5
2376,技嘉,2026-08-26,348.5,354.0,346.5,351.5,5282809,344.7,356.9,349.3,345.36,388.72,309.88
2376,技嘉,2026-08-27,351.0,354.0,345.0,345.0,3971732,344.9,352.05,350.62,344.6,387.37,313.88
2376,技嘉,2026-08-28,348.5,353.0,347.0,349.0,3524293,346.8,347.2,351.25,343.77,387.41,315.09
2376,技嘉,2026-08-31,348.0,358.0,345.5,358.0,6432000,350.2,347.2,352.93,343.5,386.9,318.95
2376,技嘉,2026-09-01,358.5,360.5,354.5,359.0,5668751,352.5,348.3,354.27,343.33,386.87,321.68
2376,技嘉,2026-09-02,358.5,363.0,355.5,361.5,4930389,354.5,349.6,355.25,343.61,387.46,323.04
2376,技嘉,2026-09-03,364.0,369.0,347.0,350.5,8179674,355.6,350.25,355.57,343.47,387.44,323.71
2376,技嘉,2026-09-04,352.5,365.5,352.5,361.0,7465984,358.0,352.4,356.43,343.74,387.89,324.96
