StockID,StockName,Date,Open,High,Low,Close,Volume,MA5,MA10,MA20,MA60,BB_Upper,BB_Lower
2408,南亞科,2026-04-29,236.0,242.0,232.0,235.0,98792725,222.6,218.25,214.93,246.38,236.41,193.44
2408,南亞科,2026-04-30,239.5,240.0,214.5,215.5,125666192,224.1,218.45,215.78,245.53,235.82,195.73
2408,南亞科,2026-05-04,223.0,237.0,217.0,237.0,144354307,230.3,221.15,217.07,244.96,239.09,195.06
2408,南亞科,2026-05-05,243.0,259.0,242.5,256.5,207567196,236.3,226.1,219.88,244.47,246.73,193.02
2408,南亞科,2026-05-06,282.0,282.0,270.5,282.0,149468917,245.2,232.3,223.68,244.55,261.52,185.83
2408,南亞科,2026-05-07,293.0,296.0,278.0,287.0,197355586,255.6,239.1,226.88,244.38,274.13,179.62
2408,南亞科,2026-05-08,282.0,289.0,260.0,274.0,130863185,267.3,245.7,230.32,244.0,280.82,179.83
2408,南亞科,2026-05-11,300.5,301.0,296.0,301.0,108987498,280.1,255.2,234.62,243.57,293.57,175.68
2408,南亞科,2026-05-12,312.5,325.0,301.0,321.0,217595653,293.0,264.65,239.4,244.03,309.62,169.18
2408,南亞科,2026-05-13,311.5,322.5,303.0,321.0,106103420,300.8,273.0,244.45,244.75,322.85,166.05
2408,南亞科,2026-05-14,342.5,353.0,335.5,341.0,181771498,311.6,283.6,250.93,245.52,338.7,163.15
2408,南亞科,2026-05-15,330.5,334.5,308.5,311.5,160442326,319.1,293.2,255.82,246.12,345.72,165.93
2408,南亞科,2026-05-18,300.0,309.0,287.0,305.0,117077708,319.9,300.0,260.57,246.81,350.31,170.84
2408,南亞科,2026-05-19,291.5,295.0,274.5,274.5,118906988,310.6,301.8,263.95,246.81,350.21,177.69
2408,南亞科,2026-05-20,279.5,285.0,265.5,275.0,123868197,301.4,301.1,266.7,246.88,350.53,182.87
2408,南亞科,2026-05-21,291.5,295.0,280.0,293.0,149826596,291.8,301.7,270.4,247.12,351.87,188.93
2408,南亞科,2026-05-22,299.5,321.0,296.0,310.5,157819181,291.6,305.35,275.52,247.48,353.28,197.77
2408,南亞科,2026-05-25,295.0,303.5,288.0,296.0,155862832,289.8,304.85,280.02,247.45,350.95,209.1
2408,南亞科,2026-05-26,300.5,314.0,295.5,303.5,152949355,295.6,303.1,283.88,247.71,350.82,216.93
2408,南亞科,2026-05-27,333.0,333.5,306.0,312.0,206216639,303.0,302.2,287.6,248.15,351.92,223.28
2408,南亞科,2026-05-28,310.0,339.0,306.0,324.0,226715301,309.2,300.5,292.05,248.8,353.28,230.82
2408,南亞科,2026-05-29,347.5,351.5,338.5,347.0,140975644,316.5,304.05,298.62,250.31,353.12,244.13
2408,南亞科,2026-06-01,362.0,381.5,359.5,381.5,129059908,333.6,311.7,305.85,252.76,364.13,247.57
2408,南亞科,2026-06-02,401.0,419.5,395.0,419.5,171631936,356.8,326.2,314.0,255.46,386.96,241.04
2408,南亞科,2026-06-03,430.0,430.5,400.0,401.5,151116427,374.7,338.85,319.98,258.27,401.02,238.93
2408,南亞科,2026-06-04,395.5,409.5,392.0,395.0,115749814,388.9,349.05,325.38,261.35,411.41,239.34
2408,南亞科,2026-06-05,370.0,374.0,355.5,360.0,121599979,391.5,354.0,329.68,263.5,413.47,245.88
2408,南亞科,2026-06-08,324.0,348.0,324.0,339.5,104497957,383.1,358.35,331.6,264.93,414.38,248.82
2408,南亞科,2026-06-09,350.5,366.0,342.0,363.0,99865292,371.8,364.3,333.7,266.98,417.47,249.93
2408,南亞科,2026-06-10,351.5,366.5,330.0,333.0,99760905,358.1,366.4,334.3,268.57,417.86,250.74
2408,南亞科,2026-06-11,336.0,353.5,325.0,340.0,101519192,347.1,368.0,334.25,269.88,417.8,250.7
2408,南亞科,2026-06-12,368.5,374.0,365.0,374.0,94572799,349.9,370.7,337.38,271.58,422.01,252.74
2408,南亞科,2026-06-15,391.0,399.5,382.0,395.5,132122225,361.1,372.1,341.9,273.57,428.89,254.91
2408,南亞科,2026-06-16,402.5,432.5,396.0,425.0,170526873,373.5,372.65,349.43,276.32,437.89,260.96
2408,南亞科,2026-06-17,415.0,437.0,412.0,437.0,101278057,394.3,376.2,357.52,279.71,446.96,268.09
2408,南亞科,2026-06-18,443.5,459.5,427.5,459.5,180896115,418.2,382.65,365.85,283.65,460.82,270.88
2408,南亞科,2026-06-22,484.0,505.0,480.0,505.0,96419516,444.4,397.15,375.57,288.46,485.36,265.79
2408,南亞科,2026-06-23,488.0,500.0,454.5,454.5,164235709,456.2,408.65,383.5,292.26,491.97,275.03
2408,南亞科,2026-06-24,440.0,457.0,435.0,443.5,125390124,459.9,416.7,390.5,295.89,495.24,285.76
2408,南亞科,2026-06-25,479.0,483.0,461.5,477.0,110549365,467.9,431.1,398.75,300.18,503.45,294.05
2408,南亞科,2026-06-26,480.0,498.0,443.0,449.0,143165163,465.8,442.0,405.0,303.99,505.76,304.24
2408,南亞科,2026-06-29,456.0,465.0,440.5,453.0,77020287,455.4,449.9,410.3,308.23,509.35,311.25
2408,南亞科,2026-06-30,465.5,465.5,436.0,452.5,109257612,455.0,455.6,413.85,312.26,513.64,314.06
2408,南亞科,2026-07-01,455.0,455.0,412.0,421.0,101276439,450.5,455.2,413.93,315.93,513.74,314.11
2408,南亞科,2026-07-02,386.5,412.0,386.5,407.0,64561076,436.5,452.2,414.2,319.28,513.9,314.5
2408,南亞科,2026-07-03,399.0,419.5,393.5,409.5,61733558,428.6,447.2,414.93,322.39,514.25,315.6
2408,南亞科,2026-07-06,428.0,443.0,420.5,420.5,62093163,422.1,438.75,417.95,325.98,513.85,322.05
2408,南亞科,2026-07-07,423.0,437.0,402.0,403.0,81670310,412.2,433.6,421.12,329.12,510.04,332.21
2408,南亞科,2026-07-08,414.0,422.0,391.0,396.0,62959726,407.2,428.85,422.77,331.96,508.31,337.24
2408,南亞科,2026-07-09,414.0,435.5,412.5,435.5,85459123,412.9,424.7,427.9,335.55,502.35,353.45
2408,南亞科,2026-07-13,466.5,466.5,420.5,423.0,130554777,415.6,422.1,432.05,339.07,494.09,370.01
2408,南亞科,2026-07-14,432.0,449.0,415.5,448.0,123272779,421.1,421.6,435.75,342.98,491.75,379.75
2408,南亞科,2026-07-15,460.0,489.5,453.5,481.0,158461435,436.7,424.45,440.02,347.5,496.14,383.91
2408,南亞科,2026-07-16,463.0,463.0,435.5,439.0,85483804,445.3,426.25,440.73,351.37,496.4,385.05
2408,南亞科,2026-07-17,400.5,413.5,395.5,395.5,82626113,437.3,425.1,438.65,354.29,497.89,379.41
2408,南亞科,2026-07-20,396.0,406.0,380.5,381.0,73602466,428.9,422.25,434.73,356.99,498.38,371.07
2408,南亞科,2026-07-21,392.5,415.0,389.0,405.0,70570915,420.3,420.7,429.73,360.27,485.34,374.11
2408,南亞科,2026-07-22,435.0,445.5,431.5,445.5,63907084,413.2,424.95,429.27,364.27,484.19,374.36
2408,南亞科,2026-07-23,452.0,452.0,415.0,426.0,89386639,410.6,427.95,428.4,367.59,482.92,373.88
2408,南亞科,2026-07-24,418.0,433.5,401.0,401.0,80045856,411.7,424.5,424.6,370.32,475.32,373.88
2408,南亞科,2026-07-27,401.5,440.0,387.0,436.0,81191012,422.7,425.8,423.95,373.67,473.67,374.23
2408,南亞科,2026-07-28,392.5,399.5,392.5,392.5,60940938,420.2,420.25,420.93,376.62,470.57,371.28
2408,南亞科,2026-07-29,378.0,378.0,353.5,353.5,56513023,401.8,407.5,415.98,378.56,471.73,360.22
2408,南亞科,2026-07-30,325.5,375.0,322.0,328.0,120154208,382.2,396.4,411.32,379.75,479.45,343.2
2408,南亞科,2026-07-31,360.5,360.5,360.5,360.5,8135174,374.1,392.9,409.0,381.06,480.82,337.18
2408,南亞科,2026-08-03,374.5,396.5,374.5,396.5,58799561,366.2,394.45,408.35,382.88,480.39,336.31
2408,南亞科,2026-08-04,400.0,436.0,400.0,436.0,119676759,374.9,397.55,409.12,385.58,482.04,336.21
2408,南亞科,2026-08-05,469.0,470.5,441.5,445.0,144425745,393.2,397.5,411.23,387.98,485.8,336.65
2408,南亞科,2026-08-06,441.0,462.5,436.0,459.0,106681466,419.4,400.8,414.38,390.28,491.52,337.23
2408,南亞科,2026-08-07,456.5,463.0,445.0,457.0,70547660,438.7,406.4,415.45,392.55,494.41,336.49
2408,南亞科,2026-08-10,473.0,502.0,473.0,502.0,102644584,459.8,413.0,419.4,395.23,507.35,331.45
2408,南亞科,2026-08-11,491.5,500.0,474.0,489.0,114281944,470.4,422.65,421.45,398.19,513.99,328.91
2408,南亞科,2026-08-12,497.0,511.0,480.5,482.5,93648951,477.9,435.55,421.52,401.15,514.27,328.78
2408,南亞科,2026-08-13,497.0,530.0,490.0,514.0,128574672,488.9,454.15,425.27,405.14,526.66,323.89
2408,南亞科,2026-08-14,532.0,542.0,501.0,512.0,104565253,499.9,469.3,431.1,409.09,538.49,323.71
2408,南亞科,2026-08-17,520.0,535.0,513.0,524.0,62243632,504.3,482.05,438.25,412.94,550.53,325.97
2408,南亞科,2026-08-18,540.0,553.0,511.0,515.0,85565761,509.5,489.95,443.75,416.35,559.88,327.62
2408,南亞科,2026-08-19,489.0,494.5,480.0,481.0,69157927,509.2,493.55,445.52,419.43,562.85,328.2
2408,南亞科,2026-08-20,498.0,523.0,498.0,517.0,88103385,509.8,499.35,450.07,422.99,571.21,328.94
2408,南亞科,2026-08-21,519.0,534.0,512.0,528.0,65354270,513.0,506.45,456.43,426.59,580.01,332.84
2408,南亞科,2026-08-24,521.0,538.0,500.0,501.0,71724193,508.4,506.35,459.68,429.54,584.42,334.93
2408,南亞科,2026-08-25,491.0,510.0,480.0,510.0,66841300,507.4,508.45,465.55,432.26,588.02,343.08
2408,南亞科,2026-08-26,510.0,522.0,504.0,517.0,61614233,514.6,511.9,473.73,434.52,586.11,361.34
2408,南亞科,2026-08-27,529.0,555.0,528.0,541.0,87535752,519.4,514.6,484.38,436.54,577.3,391.45
2408,南亞科,2026-08-28,550.0,569.0,531.0,540.0,77043671,521.8,517.4,493.35,438.85,568.96,417.74
2408,南亞科,2026-08-31,546.0,558.0,531.0,543.0,191074130,530.2,519.3,500.68,441.32,564.2,437.15
2408,南亞科,2026-09-01,551.0,551.0,516.0,518.0,82818290,531.8,519.6,504.77,443.95,560.87,448.68
2408,南亞科,2026-09-02,509.0,524.0,502.0,518.0,52916302,532.0,523.3,508.43,446.93,557.17,459.68
2408,南亞科,2026-09-03,533.0,539.0,477.5,477.5,123832867,519.3,519.35,509.35,448.83,554.73,463.97
2408,南亞科,2026-09-04,490.5,496.0,470.0,496.0,75118695,510.5,516.15,511.3,451.55,550.08,472.52
2344,華邦電,2026-04-29,94.5,96.0,92.1,92.7,129993397,91.62,90.29,91.28,104.28,96.76,85.8
2344,華邦電,2026-04-30,94.2,94.6,88.8,89.8,116065273,92.02,90.31,91.26,104.03,96.76,85.76
2344,華邦電,2026-05-04,91.9,98.4,91.1,95.4,198798052,93.46,91.07,91.38,103.9,97.13,85.62
2344,華邦電,2026-05-05,96.8,100.5,96.6,98.8,196655974,94.44,92.38,91.72,103.67,98.37,85.08
2344,華邦電,2026-05-06,108.5,108.5,104.0,108.5,241792428,97.04,94.12,92.68,103.55,102.6,82.76
2344,華邦電,2026-05-07,113.0,117.0,106.5,114.0,338649833,101.3,96.46,93.6,103.33,107.34,79.86
2344,華邦電,2026-05-08,111.0,115.0,103.5,107.0,174129448,104.74,98.38,94.4,102.95,109.31,79.49
2344,華邦電,2026-05-11,115.0,117.5,113.0,117.5,162759860,109.16,101.31,95.6,102.77,113.73,77.47
2344,華邦電,2026-05-12,118.5,123.5,116.0,121.5,317628648,113.7,104.07,96.96,102.86,118.44,75.47
2344,華邦電,2026-05-13,117.0,122.0,115.0,122.0,133243035,116.4,106.72,98.38,103.13,122.52,74.24
2344,華邦電,2026-05-14,127.0,134.0,124.5,134.0,419382102,120.4,110.85,100.57,103.56,129.13,72.01
2344,華邦電,2026-05-15,132.5,136.5,127.5,129.5,348302189,124.9,114.82,102.56,104.01,133.38,71.75
2344,華邦電,2026-05-18,126.0,134.0,119.0,130.5,192808793,127.5,118.33,104.7,104.55,137.09,72.31
2344,華邦電,2026-05-19,125.0,127.0,117.5,117.5,184930796,126.7,120.2,106.29,104.72,137.86,74.72
2344,華邦電,2026-05-20,117.5,119.0,112.0,115.5,150894253,125.4,120.9,107.51,104.92,138.49,76.53
2344,華邦電,2026-05-21,120.0,122.5,113.5,114.0,209614242,121.4,120.9,108.68,105.06,138.72,78.64
2344,華邦電,2026-05-22,116.5,125.0,115.5,125.0,193146658,120.5,122.7,110.54,105.23,139.73,81.35
2344,華邦電,2026-05-25,120.5,133.0,119.0,128.5,357612926,120.1,123.8,112.55,105.34,140.81,84.3
2344,華邦電,2026-05-26,133.5,141.0,133.0,141.0,336105421,124.8,125.75,114.91,105.72,144.44,85.38
2344,華邦電,2026-05-27,155.0,155.0,146.0,155.0,439027902,132.7,129.05,117.88,106.26,150.95,84.82
2344,華邦電,2026-05-28,151.0,156.5,142.0,144.0,362557912,138.7,130.05,120.45,106.59,153.25,87.65
2344,華邦電,2026-05-29,155.0,158.0,151.0,158.0,249880280,145.3,132.9,123.86,107.35,157.42,90.3
2344,華邦電,2026-06-01,168.0,173.5,166.0,168.0,295190831,153.2,136.65,127.49,108.41,163.69,91.29
2344,華邦電,2026-06-02,174.0,184.5,171.5,184.5,270430116,161.9,143.35,131.78,109.62,173.53,90.02
2344,華邦電,2026-06-03,188.0,193.0,177.0,177.5,332157125,166.4,149.55,135.22,110.8,180.17,90.28
2344,華邦電,2026-06-04,175.0,188.0,175.0,179.5,227016133,173.5,156.1,138.5,112.11,186.38,90.62
2344,華邦電,2026-06-05,169.0,172.5,162.0,162.0,228440187,174.3,159.8,141.25,113.05,187.81,94.69
2344,華邦電,2026-06-08,146.0,157.0,146.0,154.0,179964848,171.5,162.35,143.07,113.72,188.57,97.58
2344,華邦電,2026-06-09,160.5,161.0,153.5,156.5,203232684,165.9,163.9,144.82,114.51,189.51,100.14
2344,華邦電,2026-06-10,152.0,163.5,148.0,149.0,185310442,160.2,163.3,146.18,115.18,189.57,102.78
2344,華邦電,2026-06-11,154.0,162.5,149.0,156.5,237289830,155.6,164.55,147.3,115.84,190.53,104.07
2344,華邦電,2026-06-12,169.5,172.0,166.0,172.0,213495727,157.6,165.95,149.43,116.65,193.15,105.7
2344,華邦電,2026-06-15,179.5,189.0,175.0,189.0,229481900,164.6,168.05,152.35,117.66,198.5,106.2
2344,華邦電,2026-06-16,198.5,201.0,191.5,197.0,355003301,172.7,169.3,156.32,118.91,203.52,109.13
2344,華邦電,2026-06-17,195.0,199.0,186.5,199.0,226916174,182.7,171.45,160.5,120.4,207.26,113.74
2344,華邦電,2026-06-18,203.5,218.5,201.5,218.5,338003801,195.1,175.35,165.72,122.25,213.94,117.51
2344,華邦電,2026-06-22,229.5,233.5,219.0,222.0,403194761,205.1,181.35,170.57,124.29,221.0,120.15
2344,華邦電,2026-06-23,219.0,222.0,205.5,211.5,263314980,209.6,187.1,174.72,126.17,224.23,125.22
2344,華邦電,2026-06-24,208.5,217.0,201.0,205.0,253065352,211.2,191.95,177.93,127.99,226.51,129.34
2344,華邦電,2026-06-25,219.5,222.5,211.0,219.5,227328719,215.3,199.0,181.15,130.11,231.85,130.45
2344,華邦電,2026-06-26,220.0,225.0,203.0,206.5,254263166,212.9,204.0,184.28,132.0,233.0,135.55
2344,華邦電,2026-06-29,209.0,212.5,201.0,203.0,149900066,209.1,207.1,186.53,133.88,234.28,138.77
2344,華邦電,2026-06-30,209.0,210.5,197.5,207.5,217328346,208.3,208.95,188.5,135.79,236.3,140.7
2344,華邦電,2026-07-01,207.0,207.5,188.0,190.0,234325131,205.3,208.25,188.78,137.43,236.54,141.01
2344,華邦電,2026-07-02,176.0,186.0,176.0,183.5,164178951,198.1,206.7,189.07,138.99,236.62,141.53
2344,華邦電,2026-07-03,180.5,188.0,177.0,184.5,141900944,193.7,203.3,189.32,140.47,236.71,141.94
2344,華邦電,2026-07-06,191.0,200.0,183.0,183.0,163686093,189.7,199.4,190.38,142.01,236.11,144.64
2344,華邦電,2026-07-07,184.0,186.0,172.0,174.0,142095545,183.0,195.65,191.38,143.35,234.57,148.18
2344,華邦電,2026-07-08,177.5,181.5,165.0,168.5,146196884,178.7,192.0,191.97,144.59,233.43,150.52
2344,華邦電,2026-07-09,173.5,184.0,170.0,176.5,160890217,177.3,187.7,193.35,145.97,230.39,156.31
2344,華邦電,2026-07-13,181.5,183.0,166.0,167.0,149251061,173.8,183.75,193.88,147.25,228.96,158.79
2344,華邦電,2026-07-14,170.0,172.5,156.0,164.5,135442057,170.1,179.9,193.5,148.5,229.71,157.29
2344,華邦電,2026-07-15,175.5,180.5,173.5,180.5,95140846,171.4,177.2,193.07,150.04,229.71,156.44
2344,華邦電,2026-07-16,176.0,180.5,171.0,172.0,150613446,172.1,175.4,191.82,151.48,229.58,154.07
2344,華邦電,2026-07-17,159.5,162.5,155.0,155.0,110525648,167.8,172.55,189.62,152.55,230.61,148.64
2344,華邦電,2026-07-20,155.0,157.0,146.0,151.0,107223362,164.6,169.2,186.25,153.55,228.33,144.17
2344,華邦電,2026-07-21,156.0,158.0,152.0,155.5,104783854,162.8,166.45,182.93,154.68,223.59,142.26
2344,華邦電,2026-07-22,165.0,171.0,164.5,171.0,97387194,160.9,166.15,180.9,156.06,219.56,142.24
2344,華邦電,2026-07-23,172.0,172.0,157.0,161.0,157825138,158.7,165.4,178.7,157.18,216.59,140.81
2344,華邦電,2026-07-24,158.5,164.0,153.5,154.5,135375417,158.6,163.2,175.45,158.16,209.56,141.34
2344,華邦電,2026-07-27,155.0,161.0,150.0,160.0,110420180,160.4,162.5,173.12,159.28,204.56,141.69
2344,華邦電,2026-07-28,144.0,147.0,144.0,144.0,69129108,158.1,160.45,170.18,160.19,200.87,139.48
2344,華邦電,2026-07-29,137.0,137.5,130.0,130.0,86091045,149.9,155.4,166.3,160.76,196.72,135.88
2344,華邦電,2026-07-30,123.5,133.0,117.0,118.5,211417971,141.4,150.05,162.72,161.09,197.86,127.59
2344,華邦電,2026-07-31,130.0,130.0,130.0,130.0,21043331,136.5,147.55,160.05,161.45,196.64,123.46
2344,華邦電,2026-08-03,134.0,143.0,133.5,143.0,77515412,133.1,146.75,157.97,161.93,193.42,122.53
2344,華邦電,2026-08-04,145.0,157.0,144.0,157.0,121631665,135.7,146.9,156.68,162.77,190.1,123.25
2344,華邦電,2026-08-05,167.0,172.5,164.5,169.0,232656923,143.5,146.7,156.43,163.62,189.38,123.47
2344,華邦電,2026-08-06,165.5,173.0,162.0,171.0,185766803,154.0,147.7,156.55,164.45,189.71,123.39
2344,華邦電,2026-08-07,170.0,170.5,160.5,163.5,176709453,160.7,148.6,155.9,165.14,187.91,123.89
2344,華邦電,2026-08-10,169.0,179.5,168.5,179.5,154758322,168.0,150.55,156.53,165.9,189.9,123.15
2344,華邦電,2026-08-11,178.0,181.0,172.5,178.0,194693938,172.2,153.95,157.2,166.71,191.78,122.62
2344,華邦電,2026-08-12,186.5,193.0,174.5,177.0,207363846,173.8,158.65,157.03,167.48,191.14,122.91
2344,華邦電,2026-08-13,183.0,185.0,177.0,177.0,227421621,175.0,164.5,157.28,168.47,191.92,122.63
2344,華邦電,2026-08-14,183.0,191.0,180.5,183.5,241145687,179.0,169.85,158.7,169.61,195.25,122.15
2344,華邦電,2026-08-17,185.5,190.0,181.5,181.5,128521974,179.4,173.7,160.22,170.73,197.95,122.5
2344,華邦電,2026-08-18,186.0,192.0,176.0,176.5,183343610,179.1,175.65,161.28,171.59,199.61,122.94
2344,華邦電,2026-08-19,167.0,169.5,165.0,168.0,113062347,177.3,175.55,161.12,172.25,199.32,122.93
2344,華邦電,2026-08-20,174.0,180.5,172.0,176.5,149809828,177.2,176.1,161.9,172.84,200.71,123.09
2344,華邦電,2026-08-21,176.0,182.0,174.5,181.0,114128808,176.7,177.85,163.22,173.28,202.77,123.68
2344,華邦電,2026-08-24,179.5,184.5,175.5,177.0,99392300,175.8,177.6,164.07,173.82,204.06,124.09
2344,華邦電,2026-08-25,172.0,179.0,168.5,179.0,92923853,176.3,177.7,165.82,174.18,205.17,126.48
2344,華邦電,2026-08-26,179.5,182.5,178.0,181.5,85770151,179.0,178.15,168.4,174.4,204.48,132.32
2344,華邦電,2026-08-27,184.0,190.0,183.0,186.0,139732644,180.9,179.05,171.78,174.43,199.96,143.59
2344,華邦電,2026-08-28,188.5,192.0,180.5,181.5,153443947,181.0,178.85,174.35,174.49,194.82,153.88
2344,華邦電,2026-08-31,179.5,186.0,176.0,182.5,398679210,182.1,178.95,176.32,174.54,190.81,161.84
2344,華邦電,2026-09-01,183.5,184.0,175.5,176.0,136605515,181.5,178.9,177.28,174.78,188.56,165.99
2344,華邦電,2026-09-02,173.5,180.0,171.5,179.0,83567943,181.0,180.0,177.78,175.19,188.38,167.17
2344,華邦電,2026-09-03,181.5,185.5,168.0,169.0,161434224,177.6,179.25,177.68,175.4,188.58,166.77
2344,華邦電,2026-09-04,174.0,176.0,165.5,174.0,100505993,176.1,178.55,178.2,175.82,187.05,169.35
2337,旺宏,2026-04-29,161.5,171.5,159.0,167.0,356096402,145.9,138.7,138.9,116.97,165.1,112.7
2337,旺宏,2026-04-30,172.5,176.0,154.0,154.0,290565132,151.5,140.2,140.82,118.31,165.4,116.25
2337,旺宏,2026-05-04,161.0,163.0,151.0,154.5,225527175,156.0,142.55,142.2,119.73,166.59,117.81
2337,旺宏,2026-05-05,155.0,162.5,153.0,160.5,172694508,159.1,146.55,143.78,121.14,168.64,118.91
2337,旺宏,2026-05-06,173.0,176.5,166.5,172.0,258575938,161.6,150.5,145.55,122.73,173.15,117.95
2337,旺宏,2026-05-07,172.0,172.0,160.0,164.5,235421135,161.1,153.5,146.28,124.08,175.1,117.45
2337,旺宏,2026-05-08,160.0,164.5,149.0,153.0,169291306,160.9,156.2,146.82,125.09,175.73,117.92
2337,旺宏,2026-05-11,161.0,162.5,156.0,159.5,149221688,161.9,158.95,147.5,126.2,176.95,118.05
2337,旺宏,2026-05-12,159.5,159.5,151.5,153.0,137568955,160.4,159.75,147.78,127.34,177.32,118.23
2337,旺宏,2026-05-13,149.0,168.0,147.0,168.0,239709627,159.6,160.6,148.4,128.73,179.14,117.66
2337,旺宏,2026-05-14,172.0,178.5,165.0,169.0,318986180,160.5,160.8,149.75,130.06,181.66,117.84
2337,旺宏,2026-05-15,168.0,168.5,161.5,162.5,129725442,162.4,161.65,150.93,131.3,182.9,118.95
2337,旺宏,2026-05-18,157.0,163.0,153.0,160.0,79739000,162.5,162.2,152.38,132.62,183.15,121.6
2337,旺宏,2026-05-19,157.5,157.5,144.0,144.0,143651268,160.7,160.55,153.55,133.54,180.79,126.31
2337,旺宏,2026-05-20,144.5,148.0,136.5,141.0,112446004,155.3,157.45,153.97,134.4,180.07,127.88
2337,旺宏,2026-05-21,146.0,149.0,141.0,141.0,96638384,149.7,155.1,154.3,135.1,179.53,129.07
2337,旺宏,2026-05-22,144.0,152.5,143.5,149.5,112827275,147.1,154.75,155.47,135.87,177.08,133.87
2337,旺宏,2026-05-25,148.0,154.5,140.5,152.5,135809749,145.6,154.05,156.5,136.52,175.16,137.84
2337,旺宏,2026-05-26,154.5,162.5,151.0,160.5,163663703,148.9,154.8,157.28,137.4,175.2,139.35
2337,旺宏,2026-05-27,172.0,175.0,154.0,155.5,242819740,151.8,153.55,157.07,138.15,174.98,139.17
2337,旺宏,2026-05-28,155.5,168.0,153.5,160.0,220204023,155.6,152.65,156.72,138.89,174.08,139.37
2337,旺宏,2026-05-29,167.0,169.5,162.5,166.5,170917629,159.0,153.05,157.35,139.92,175.19,139.51
2337,旺宏,2026-06-01,169.5,175.0,166.0,167.5,190490552,162.0,153.8,158.0,141.08,176.34,139.66
2337,旺宏,2026-06-02,173.0,180.0,170.0,175.5,247731538,165.0,156.95,158.75,142.21,178.68,138.82
2337,旺宏,2026-06-03,177.5,177.5,162.0,162.0,58191754,166.3,159.05,158.25,143.2,177.26,139.24
2337,旺宏,2026-06-04,158.0,161.0,156.5,156.5,27236146,165.6,160.6,157.85,144.27,176.64,139.06
2337,旺宏,2026-06-05,148.0,150.0,141.0,150.0,54586699,162.3,160.65,157.7,145.26,176.7,138.7
2337,旺宏,2026-06-08,135.0,143.5,135.0,143.5,34560976,157.5,159.75,156.9,145.99,176.9,136.9
2337,旺宏,2026-06-09,148.0,148.0,143.5,145.5,22931253,151.5,158.25,156.53,146.77,177.11,135.94
2337,旺宏,2026-06-10,141.5,144.0,135.0,135.0,24873473,146.1,156.2,154.88,147.21,176.83,132.92
2337,旺宏,2026-06-11,135.0,140.5,132.5,140.0,21930550,142.8,154.2,153.43,147.56,175.28,131.57
2337,旺宏,2026-06-12,147.0,148.0,144.0,146.5,26303690,142.1,152.2,152.62,147.82,174.25,131.0
2337,旺宏,2026-06-15,151.0,159.0,150.0,159.0,27844122,145.2,151.35,152.57,148.08,174.14,131.01
2337,旺宏,2026-06-16,164.0,166.5,160.5,166.5,42847766,149.4,150.45,153.7,148.24,175.72,131.68
2337,旺宏,2026-06-17,164.0,168.5,159.5,161.5,113826258,154.7,150.4,154.72,148.27,176.16,133.29
2337,旺宏,2026-06-18,164.0,171.5,162.5,169.0,126341325,160.5,151.65,156.12,148.61,177.44,134.81
2337,旺宏,2026-06-22,177.0,185.5,173.5,185.5,136155871,168.3,155.2,157.93,149.43,182.69,133.16
2337,旺宏,2026-06-23,188.0,192.0,168.5,172.0,206975817,170.9,158.05,158.9,149.93,184.29,133.51
2337,旺宏,2026-06-24,169.0,174.0,166.0,172.0,114082132,172.0,160.7,159.47,150.66,185.53,133.42
2337,旺宏,2026-06-25,179.5,179.5,161.0,161.5,162863200,172.0,163.35,159.78,151.27,185.77,133.78
2337,旺宏,2026-06-26,162.0,174.5,162.0,162.5,191100644,170.7,165.6,159.9,151.84,185.93,133.87
2337,旺宏,2026-06-29,166.0,167.5,158.0,158.5,83896529,165.3,166.8,159.5,152.56,185.35,133.65
2337,旺宏,2026-06-30,162.0,162.5,153.5,155.5,99766973,162.0,166.45,158.9,153.03,184.52,133.28
2337,旺宏,2026-07-01,156.0,156.5,142.5,143.5,129835728,156.3,164.15,157.3,153.28,182.55,132.05
2337,旺宏,2026-07-02,135.0,146.0,135.0,145.5,71136879,153.1,162.55,156.47,153.43,182.15,130.8
2337,旺宏,2026-07-03,142.0,147.0,140.5,142.5,52691353,149.1,159.9,155.78,153.3,182.2,129.35
2337,旺宏,2026-07-06,146.5,152.0,144.0,144.5,63898046,146.3,155.8,155.5,153.34,182.29,128.71
2337,旺宏,2026-07-07,146.0,146.0,136.5,139.0,65871425,143.0,152.5,155.28,153.22,182.56,127.99
2337,旺宏,2026-07-08,141.0,143.0,134.0,138.5,53267720,142.0,149.15,154.93,153.07,182.91,126.94
2337,旺宏,2026-07-09,141.5,148.0,139.5,143.5,62991541,141.6,147.35,155.35,152.88,182.3,128.4
2337,旺宏,2026-07-13,146.0,147.0,138.0,138.0,51524844,140.7,144.9,155.25,152.81,182.45,128.05
2337,旺宏,2026-07-14,140.5,143.0,130.5,139.5,67740693,139.7,143.0,154.9,152.82,182.75,127.05
2337,旺宏,2026-07-15,144.5,150.5,144.0,148.5,110280005,141.6,142.3,154.38,153.11,182.3,126.45
2337,旺宏,2026-07-16,143.5,144.0,136.0,136.5,72299473,141.2,141.6,152.88,153.38,181.27,124.48
2337,旺宏,2026-07-17,127.0,129.5,124.0,125.0,68546901,137.5,139.55,151.05,153.25,181.71,120.39
2337,旺宏,2026-07-20,126.0,127.0,115.5,117.5,71475589,133.4,137.05,148.47,152.97,181.36,115.59
2337,旺宏,2026-07-21,120.5,123.5,118.0,123.0,45753444,130.1,134.9,145.35,152.92,175.16,115.54
2337,旺宏,2026-07-22,129.5,135.0,129.5,135.0,54882537,127.4,134.5,143.5,152.97,170.83,116.17
2337,旺宏,2026-07-23,132.0,134.5,125.5,129.5,67629271,126.0,133.6,141.38,152.71,165.84,116.91
2337,旺宏,2026-07-24,126.5,131.0,123.5,124.0,39475036,125.8,131.65,139.5,152.12,163.2,115.8
2337,旺宏,2026-07-27,123.5,125.5,118.0,125.5,37415793,127.4,130.4,137.65,151.43,159.5,115.8
2337,旺宏,2026-07-28,115.0,116.0,113.0,113.0,37034980,125.4,127.75,135.38,150.74,157.55,113.2
2337,旺宏,2026-07-29,110.0,110.5,102.0,102.0,79625991,118.8,123.1,132.7,149.87,157.42,107.98
2337,旺宏,2026-07-30,95.8,103.0,91.8,91.8,94668252,111.26,118.63,130.11,148.72,160.29,99.94
2337,旺宏,2026-07-31,100.5,100.5,100.5,100.5,11523756,106.56,116.18,127.86,147.53,159.86,95.87
2337,旺宏,2026-08-03,102.5,110.5,102.0,110.5,52907144,103.56,115.48,126.26,146.63,158.38,94.15
2337,旺宏,2026-08-04,113.0,121.0,109.5,120.0,118147457,104.96,115.18,125.04,146.08,156.08,94.0
2337,旺宏,2026-08-05,123.0,127.5,117.0,117.5,173482291,108.06,113.43,123.96,145.38,154.45,93.48
2337,旺宏,2026-08-06,117.5,129.0,116.0,129.0,122477212,115.5,113.38,123.49,144.98,153.31,93.67
2337,旺宏,2026-08-07,130.5,130.5,120.5,121.5,112161182,119.7,113.13,122.39,144.2,150.69,94.09
2337,旺宏,2026-08-10,124.0,133.5,123.0,133.5,134956954,124.3,113.93,122.16,143.61,150.01,94.32
2337,旺宏,2026-08-11,134.0,139.0,129.0,132.5,145294276,126.8,115.88,121.81,143.11,148.91,94.72
2337,旺宏,2026-08-12,135.0,140.0,134.5,136.5,104417549,130.6,119.33,121.21,142.72,146.28,96.15
2337,旺宏,2026-08-13,140.0,141.5,136.0,136.5,88614872,132.1,123.8,121.21,142.6,146.28,96.15
2337,旺宏,2026-08-14,140.5,144.5,134.5,137.0,94191178,135.2,127.45,121.81,142.53,147.82,95.81
2337,旺宏,2026-08-17,135.0,135.0,128.0,129.5,74330232,134.4,129.35,122.41,142.34,148.55,96.28
2337,旺宏,2026-08-18,130.0,133.5,121.0,122.0,107033213,132.3,129.55,122.36,141.88,148.5,96.23
2337,旺宏,2026-08-19,117.0,120.5,115.0,119.0,50155092,128.8,129.7,121.56,141.32,147.04,96.09
2337,旺宏,2026-08-20,122.0,124.5,119.5,122.0,48743476,125.9,129.0,121.19,140.68,146.39,95.99
2337,旺宏,2026-08-21,120.5,122.5,119.5,122.5,30188173,123.0,129.1,121.11,140.13,146.29,95.94
2337,旺宏,2026-08-24,121.0,128.0,119.5,124.0,39966925,121.9,128.15,121.04,139.53,146.17,95.91
2337,旺宏,2026-08-25,120.5,122.5,117.5,122.0,33470671,121.9,127.1,121.49,138.79,146.34,96.64
2337,旺宏,2026-08-26,123.0,125.5,121.5,125.5,23901798,123.2,126.0,122.66,138.09,145.79,99.54
2337,旺宏,2026-08-27,128.5,131.0,126.5,127.5,42803957,124.3,125.1,124.45,137.29,142.5,106.4
2337,旺宏,2026-08-28,130.0,130.0,125.0,126.5,30055663,125.1,124.05,125.75,136.7,139.85,111.65
2337,旺宏,2026-08-31,124.0,127.5,122.5,126.0,35996291,125.5,123.7,126.53,136.19,138.67,114.38
2337,旺宏,2026-09-01,126.0,127.5,122.0,122.5,31995454,125.6,123.75,126.65,135.73,138.56,114.74
2337,旺宏,2026-09-02,122.0,123.5,120.0,123.0,18842579,125.1,124.15,126.92,135.39,138.18,115.67
2337,旺宏,2026-09-03,125.0,127.5,117.0,117.0,47049932,123.0,123.65,126.33,134.91,138.37,114.28
2337,旺宏,2026-09-04,120.5,123.0,116.5,121.5,29768667,122.0,123.55,126.33,134.69,138.37,114.28
8299,群聯,2026-04-29,1965.0,2075.0,1940.0,2070.0,13474068,1852.0,1759.0,1698.75,1838.67,1978.37,1419.13
8299,群聯,2026-04-30,2175.0,2175.0,1900.0,1900.0,15621511,1891.0,1790.5,1718.75,1836.08,1995.72,1441.78
8299,群聯,2026-05-04,1975.0,2040.0,1920.0,2010.0,8323380,1957.0,1834.5,1736.75,1836.25,2040.42,1433.08
8299,群聯,2026-05-05,2035.0,2130.0,2000.0,2115.0,9355836,2013.0,1882.5,1764.75,1836.92,2099.53,1429.97
8299,群聯,2026-05-06,2300.0,2325.0,2235.0,2325.0,13302807,2084.0,1938.5,1802.5,1840.33,2207.68,1397.32
8299,群聯,2026-05-07,2395.0,2500.0,2320.0,2390.0,12419199,2148.0,2000.0,1835.75,1842.08,2316.29,1355.21
8299,群聯,2026-05-08,2355.0,2500.0,2230.0,2430.0,13334512,2254.0,2072.5,1876.5,1844.17,2413.17,1339.83
8299,群聯,2026-05-11,2670.0,2670.0,2670.0,2670.0,1793791,2386.0,2171.5,1927.0,1849.0,2559.43,1294.57
8299,群聯,2026-05-12,2780.0,2860.0,2645.0,2725.0,15579331,2508.0,2260.5,1977.25,1858.67,2694.45,1260.05
8299,群聯,2026-05-13,2645.0,2660.0,2565.0,2620.0,8872042,2567.0,2325.5,2020.25,1869.17,2784.2,1256.3
8299,群聯,2026-05-14,2875.0,2880.0,2815.0,2880.0,9894970,2665.0,2406.5,2082.75,1882.92,2913.85,1251.65
8299,群聯,2026-05-15,2850.0,2850.0,2650.0,2650.0,13037341,2709.0,2481.5,2136.0,1893.42,2969.29,1302.71
8299,群聯,2026-05-18,2585.0,2755.0,2570.0,2735.0,8642239,2722.0,2554.0,2194.25,1907.42,3023.82,1364.68
8299,群聯,2026-05-19,2605.0,2615.0,2465.0,2465.0,9028233,2670.0,2589.0,2235.75,1916.42,3029.8,1441.7
8299,群聯,2026-05-20,2450.0,2480.0,2250.0,2265.0,13617629,2599.0,2583.0,2260.75,1923.75,3023.25,1498.25
8299,群聯,2026-05-21,2380.0,2425.0,2305.0,2335.0,7664579,2490.0,2577.5,2288.75,1931.75,3016.49,1561.01
8299,群聯,2026-05-22,2425.0,2480.0,2400.0,2430.0,6123057,2446.0,2577.5,2325.0,1940.17,3000.67,1649.33
8299,群聯,2026-05-25,2450.0,2540.0,2320.0,2480.0,8096588,2395.0,2558.5,2365.0,1947.0,2971.02,1758.98
8299,群聯,2026-05-26,2510.0,2590.0,2440.0,2505.0,7287380,2403.0,2536.5,2398.5,1956.67,2953.05,1843.95
8299,群聯,2026-05-27,2700.0,2730.0,2455.0,2480.0,10481063,2446.0,2522.5,2424.0,1966.5,2941.24,1906.76
8299,群聯,2026-05-28,2475.0,2535.0,2410.0,2450.0,7044737,2469.0,2479.5,2443.0,1975.33,2932.67,1953.33
8299,群聯,2026-05-29,2530.0,2620.0,2525.0,2575.0,6552345,2498.0,2472.0,2476.75,1989.0,2896.95,2056.55
8299,群聯,2026-06-01,2655.0,2825.0,2625.0,2770.0,8835500,2556.0,2475.5,2514.75,2006.75,2892.55,2136.95
8299,群聯,2026-06-02,2810.0,2835.0,2690.0,2820.0,10009778,2619.0,2511.0,2550.0,2023.75,2901.39,2198.61
8299,群聯,2026-06-03,2835.0,2835.0,2685.0,2685.0,11235724,2660.0,2553.0,2568.0,2039.0,2907.54,2228.46
8299,群聯,2026-06-04,2635.0,2715.0,2580.0,2580.0,7685081,2686.0,2577.5,2577.5,2055.25,2906.54,2248.46
8299,群聯,2026-06-05,2550.0,2630.0,2385.0,2450.0,11594291,2661.0,2579.5,2578.5,2067.0,2905.77,2251.23
8299,群聯,2026-06-08,2205.0,2270.0,2205.0,2250.0,8510440,2557.0,2556.5,2557.5,2073.0,2912.75,2202.25
8299,群聯,2026-06-09,2320.0,2370.0,2260.0,2360.0,5162628,2465.0,2542.0,2539.25,2082.17,2895.77,2182.73
8299,群聯,2026-06-10,2305.0,2375.0,2135.0,2155.0,7107224,2359.0,2509.5,2516.0,2088.08,2909.12,2122.88
8299,群聯,2026-06-11,2150.0,2250.0,2060.0,2200.0,6753337,2283.0,2484.5,2482.0,2091.75,2859.89,2104.11
8299,群聯,2026-06-12,2345.0,2395.0,2305.0,2310.0,4980683,2255.0,2458.0,2465.0,2097.83,2841.66,2088.34
8299,群聯,2026-06-15,2395.0,2400.0,2285.0,2320.0,5876946,2269.0,2413.0,2444.25,2103.58,2803.61,2084.89
8299,群聯,2026-06-16,2350.0,2400.0,2320.0,2375.0,5629570,2272.0,2368.5,2439.75,2110.5,2800.27,2079.23
8299,群聯,2026-06-17,2340.0,2355.0,2285.0,2330.0,4549258,2307.0,2333.0,2443.0,2117.42,2798.02,2087.98
8299,群聯,2026-06-18,2350.0,2535.0,2335.0,2530.0,8183771,2373.0,2328.0,2452.75,2129.58,2805.98,2099.52
8299,群聯,2026-06-22,2600.0,2670.0,2570.0,2580.0,7476283,2427.0,2341.0,2460.25,2144.5,2817.79,2102.71
8299,群聯,2026-06-23,2565.0,2590.0,2430.0,2430.0,6978030,2449.0,2359.0,2457.75,2156.25,2815.41,2100.09
8299,群聯,2026-06-24,2385.0,2500.0,2325.0,2500.0,7363059,2474.0,2373.0,2457.5,2170.42,2815.03,2099.97
8299,群聯,2026-06-25,2605.0,2640.0,2475.0,2475.0,6448623,2503.0,2405.0,2457.25,2185.58,2814.72,2099.78
8299,群聯,2026-06-26,2495.0,2540.0,2305.0,2310.0,5854397,2459.0,2416.0,2450.25,2197.33,2813.75,2086.75
8299,群聯,2026-06-29,2320.0,2400.0,2300.0,2340.0,2743681,2411.0,2419.0,2438.5,2211.33,2800.21,2076.79
8299,群聯,2026-06-30,2390.0,2405.0,2320.0,2385.0,3020333,2402.0,2425.5,2419.25,2223.58,2745.96,2092.54
8299,群聯,2026-07-01,2420.0,2420.0,2255.0,2270.0,5087135,2356.0,2415.0,2391.75,2235.5,2664.58,2118.92
8299,群聯,2026-07-02,2160.0,2240.0,2135.0,2240.0,4060875,2309.0,2406.0,2369.5,2246.67,2612.59,2126.41
8299,群聯,2026-07-03,2200.0,2310.0,2180.0,2295.0,3593631,2306.0,2382.5,2355.25,2256.17,2579.03,2131.47
8299,群聯,2026-07-06,2345.0,2420.0,2265.0,2290.0,4723607,2296.0,2353.5,2347.25,2267.42,2568.19,2126.31
8299,群聯,2026-07-07,2295.0,2295.0,2135.0,2145.0,6249583,2248.0,2325.0,2342.0,2275.5,2577.2,2106.8
8299,群聯,2026-07-08,2175.0,2210.0,2080.0,2140.0,3487244,2222.0,2289.0,2331.0,2282.5,2582.66,2079.34
8299,群聯,2026-07-09,2190.0,2280.0,2165.0,2220.0,3930655,2218.0,2263.5,2334.25,2290.17,2577.89,2090.61
8299,群聯,2026-07-13,2275.0,2275.0,2155.0,2170.0,2918529,2193.0,2249.5,2332.75,2299.17,2580.21,2085.29
8299,群聯,2026-07-14,2175.0,2200.0,1955.0,2050.0,6739727,2145.0,2220.5,2319.75,2306.92,2597.68,2041.82
8299,群聯,2026-07-15,2110.0,2190.0,2070.0,2105.0,4837158,2137.0,2192.5,2309.0,2315.83,2603.06,2014.94
8299,群聯,2026-07-16,2035.0,2040.0,1960.0,1980.0,5632950,2105.0,2163.5,2289.25,2321.58,2615.9,1962.6
8299,群聯,2026-07-17,1860.0,1870.0,1785.0,1785.0,6919196,2018.0,2118.0,2262.0,2321.92,2657.92,1866.08
8299,群聯,2026-07-20,1800.0,1820.0,1685.0,1735.0,4795731,1931.0,2062.0,2222.25,2321.25,2662.08,1782.42
8299,群聯,2026-07-21,1800.0,1855.0,1775.0,1855.0,2959336,1892.0,2018.5,2186.0,2323.75,2621.16,1750.84
8299,群聯,2026-07-22,1940.0,1995.0,1915.0,1915.0,4332586,1854.0,1995.5,2160.25,2327.67,2595.57,1724.93
8299,群聯,2026-07-23,1940.0,1960.0,1895.0,1920.0,3112781,1842.0,1973.5,2131.25,2329.08,2548.15,1714.35
8299,群聯,2026-07-24,1900.0,1970.0,1820.0,1825.0,5070538,1850.0,1934.0,2098.75,2326.67,2504.0,1693.5
8299,群聯,2026-07-27,1805.0,1820.0,1730.0,1820.0,4219816,1867.0,1899.0,2074.25,2322.5,2484.94,1663.56
8299,群聯,2026-07-28,1680.0,1685.0,1640.0,1650.0,4719999,1826.0,1859.0,2039.75,2318.33,2471.81,1607.69
8299,群聯,2026-07-29,1620.0,1620.0,1485.0,1515.0,8834377,1746.0,1800.0,1996.25,2310.08,2456.24,1536.26
8299,群聯,2026-07-30,1485.0,1640.0,1445.0,1495.0,7250845,1661.0,1751.5,1957.5,2299.75,2449.83,1465.17
8299,群聯,2026-07-31,1640.0,1640.0,1640.0,1640.0,1314412,1624.0,1737.0,1927.5,2288.33,2420.47,1434.53
8299,群聯,2026-08-03,1675.0,1800.0,1670.0,1760.0,6127731,1612.0,1739.5,1900.75,2277.83,2367.09,1434.41
8299,群聯,2026-08-04,1750.0,1850.0,1725.0,1820.0,4588289,1646.0,1736.0,1877.25,2267.67,2306.93,1447.57
8299,群聯,2026-08-05,1900.0,1910.0,1845.0,1845.0,3866831,1712.0,1729.0,1862.25,2253.92,2273.11,1451.39
8299,群聯,2026-08-06,1815.0,2025.0,1815.0,2025.0,5665868,1818.0,1739.5,1856.5,2242.25,2253.99,1459.01
8299,群聯,2026-08-07,2060.0,2075.0,1970.0,2020.0,7008572,1894.0,1759.0,1846.5,2232.25,2214.45,1478.55
8299,群聯,2026-08-10,2060.0,2080.0,2030.0,2040.0,4454726,1950.0,1781.0,1840.0,2218.25,2187.94,1492.06
8299,群聯,2026-08-11,2035.0,2100.0,2015.0,2090.0,3102436,2004.0,1825.0,1842.0,2208.92,2195.44,1488.56
8299,群聯,2026-08-12,2110.0,2245.0,2110.0,2210.0,6097464,2077.0,1894.5,1847.25,2200.17,2219.74,1474.76
8299,群聯,2026-08-13,2260.0,2280.0,2175.0,2280.0,7344290,2128.0,1973.0,1862.25,2197.08,2278.81,1445.69
8299,群聯,2026-08-14,2325.0,2325.0,2065.0,2080.0,16635708,2140.0,2017.0,1877.0,2194.0,2302.83,1451.17
8299,群聯,2026-08-17,2110.0,2125.0,2085.0,2085.0,4643755,2149.0,2049.5,1894.5,2189.83,2324.5,1464.5
8299,群聯,2026-08-18,2105.0,2120.0,2000.0,2000.0,4979416,2131.0,2067.5,1901.75,2182.67,2333.84,1469.66
8299,群聯,2026-08-19,1920.0,1970.0,1905.0,1965.0,4867602,2082.0,2079.5,1904.25,2174.08,2337.24,1471.26
8299,群聯,2026-08-20,2010.0,2080.0,1965.0,1995.0,3936662,2025.0,2076.5,1908.0,2165.58,2342.86,1473.14
8299,群聯,2026-08-21,2005.0,2075.0,1995.0,2075.0,3731103,2024.0,2082.0,1920.5,2158.83,2359.66,1481.34
8299,群聯,2026-08-24,2095.0,2215.0,2070.0,2135.0,6388744,2034.0,2091.5,1936.25,2153.58,2382.77,1489.73
8299,群聯,2026-08-25,2110.0,2120.0,2000.0,2085.0,4364544,2051.0,2091.0,1958.0,2145.42,2387.88,1528.12
8299,群聯,2026-08-26,2115.0,2125.0,2070.0,2125.0,2909652,2083.0,2082.5,1988.5,2134.67,2369.86,1607.14
8299,群聯,2026-08-27,2145.0,2180.0,2115.0,2155.0,4127333,2115.0,2070.0,2021.5,2123.58,2330.39,1712.61
8299,群聯,2026-08-28,2170.0,2195.0,2115.0,2150.0,3302190,2130.0,2077.0,2047.0,2114.67,2302.95,1791.05
8299,群聯,2026-08-31,2130.0,2185.0,2110.0,2165.0,20146933,2136.0,2085.0,2067.25,2107.75,2289.45,1845.05
8299,群聯,2026-09-01,2185.0,2185.0,2080.0,2125.0,4175253,2144.0,2097.5,2082.5,2102.33,2272.83,1892.17
8299,群聯,2026-09-02,2100.0,2115.0,2060.0,2065.0,3168776,2132.0,2107.5,2093.5,2099.25,2248.12,1938.88
8299,群聯,2026-09-03,2085.0,2120.0,1990.0,2000.0,3441993,2101.0,2108.0,2092.25,2093.25,2249.58,1934.92
8299,群聯,2026-09-04,2025.0,2050.0,1970.0,2015.0,2962952,2074.0,2102.0,2092.0,2090.92,2249.83,1934.17
3260,威剛,2026-04-29,464.5,482.0,455.0,455.0,52249494,435.3,407.85,387.18,359.44,461.31,313.04
3260,威剛,2026-04-30,468.0,471.0,433.0,436.0,38088261,443.0,415.4,392.23,361.77,465.15,319.3
3260,威剛,2026-05-04,446.5,451.0,432.0,441.0,27963681,451.2,422.65,395.85,363.88,470.98,320.72
3260,威剛,2026-05-05,445.0,454.5,436.5,448.0,30279399,452.8,431.65,400.18,365.58,476.92,323.43
3260,威剛,2026-05-06,473.5,487.0,455.5,461.5,48526091,448.3,438.45,405.1,367.34,484.4,325.8
3260,威剛,2026-05-07,478.5,494.0,461.5,461.5,51186257,449.6,442.45,408.73,368.88,491.48,325.97
3260,威剛,2026-05-08,454.0,466.5,435.0,448.5,24933703,452.1,447.55,412.85,370.36,494.86,330.84
3260,威剛,2026-05-11,464.5,469.0,454.5,457.0,25976196,455.3,453.25,417.1,371.92,499.01,335.19
3260,威剛,2026-05-12,461.0,464.5,444.0,445.5,21420581,454.8,453.8,421.1,373.82,500.16,342.04
3260,威剛,2026-05-13,436.0,437.5,426.0,434.0,17213179,449.3,448.8,424.0,375.85,500.3,347.7
3260,威剛,2026-05-14,446.0,452.5,438.0,447.0,19349242,446.4,448.0,427.93,377.75,500.17,355.68
3260,威剛,2026-05-15,452.0,452.0,424.5,425.0,17143130,441.7,446.9,431.15,379.27,496.12,366.18
3260,威剛,2026-05-18,413.0,420.0,402.0,418.0,11796950,433.9,444.6,433.62,381.13,491.98,375.27
3260,威剛,2026-05-19,415.5,415.5,389.0,390.0,14928893,422.8,438.8,435.23,382.46,486.13,384.32
3260,威剛,2026-05-20,394.5,410.0,385.0,405.5,14745687,417.1,433.2,435.82,384.27,484.91,386.74
3260,威剛,2026-05-21,425.0,426.5,413.0,413.0,13560716,410.3,428.35,435.4,386.25,485.15,385.65
3260,威剛,2026-05-22,419.5,428.0,414.0,417.5,14177806,408.8,425.25,436.4,388.2,483.68,389.12
3260,威剛,2026-05-25,421.5,421.5,405.0,407.5,18643249,406.7,420.3,436.77,389.77,482.95,390.6
3260,威剛,2026-05-26,410.5,416.0,406.5,410.0,12227050,410.7,416.75,435.27,391.64,482.93,387.62
3260,威剛,2026-05-27,430.0,437.5,410.5,412.5,19524285,412.1,414.6,431.7,393.76,474.44,388.96
3260,威剛,2026-05-28,414.5,421.0,403.0,404.5,14016906,410.4,410.35,429.18,395.64,472.08,386.27
3260,威剛,2026-05-29,413.5,420.0,411.0,415.0,12937393,409.9,409.35,428.12,398.04,471.36,384.89
3260,威剛,2026-06-01,422.0,432.5,420.5,427.0,16050729,413.8,410.25,427.43,400.79,470.23,384.62
3260,威剛,2026-06-02,434.0,469.5,430.0,469.5,60149383,425.7,418.2,428.5,403.87,474.45,382.55
3260,威剛,2026-06-03,480.5,481.0,456.5,462.0,36794427,435.6,423.85,428.52,406.77,474.55,382.5
3260,威剛,2026-06-04,457.0,476.0,451.5,458.0,23101128,446.3,428.35,428.35,409.34,473.87,382.83
3260,威剛,2026-06-05,444.5,444.5,414.5,421.5,19137836,447.6,428.75,427.0,411.05,471.59,382.41
3260,威剛,2026-06-08,379.5,404.5,379.5,403.0,14874856,442.8,428.3,424.3,411.93,467.77,380.83
3260,威剛,2026-06-09,425.0,425.0,412.0,421.0,11034108,433.1,429.4,423.07,413.13,465.4,380.75
3260,威剛,2026-06-10,412.0,420.5,390.0,390.0,11852645,418.7,427.15,420.88,413.64,465.33,376.42
3260,威剛,2026-06-11,388.0,399.5,378.0,394.5,14205704,406.0,426.15,418.25,413.63,462.4,374.1
3260,威剛,2026-06-12,416.0,422.0,405.5,405.5,12274351,402.8,425.2,417.27,413.15,461.66,372.89
3260,威剛,2026-06-15,414.5,435.0,413.0,423.0,16533087,406.8,424.8,417.52,412.24,461.99,373.06
3260,威剛,2026-06-16,430.0,434.0,417.0,417.0,14239672,406.0,419.55,418.88,410.44,461.42,376.33
3260,威剛,2026-06-17,412.0,417.0,405.5,416.0,8515726,411.2,414.95,419.4,409.75,461.5,377.3
3260,威剛,2026-06-18,420.0,425.0,412.0,423.0,12436665,416.9,411.45,419.9,409.93,461.92,377.88
3260,威剛,2026-06-22,434.0,443.0,427.5,434.0,16075294,422.6,412.7,420.73,410.73,463.19,378.26
3260,威剛,2026-06-23,436.0,436.0,410.0,412.0,14007462,420.4,413.6,420.95,410.84,463.17,378.73
3260,威剛,2026-06-24,402.0,410.0,399.0,408.5,8583489,418.7,412.35,420.88,411.47,463.18,378.57
3260,威剛,2026-06-25,421.0,423.0,407.5,409.5,9168977,417.4,414.3,420.73,411.78,463.18,378.27
3260,威剛,2026-06-26,409.5,421.0,396.0,397.5,11069539,412.3,414.6,420.38,412.24,463.5,377.25
3260,威剛,2026-06-29,399.0,406.5,394.5,404.0,5568094,406.3,414.45,419.82,413.39,463.52,376.13
3260,威剛,2026-06-30,407.5,415.0,396.0,409.0,11388411,405.7,413.05,418.93,414.07,462.73,375.12
3260,威剛,2026-07-01,411.5,412.0,392.0,398.5,14892940,403.7,411.2,415.38,414.68,453.0,377.75
3260,威剛,2026-07-02,384.0,408.0,382.5,408.0,7981096,403.4,410.4,412.68,415.43,443.31,382.04
3260,威剛,2026-07-03,404.0,411.5,403.0,411.5,6005253,406.2,409.25,410.35,415.81,432.34,388.36
3260,威剛,2026-07-06,416.0,420.0,408.0,410.5,7218855,407.5,406.9,409.8,416.55,431.16,388.44
3260,威剛,2026-07-07,417.0,418.0,404.0,404.0,8699270,406.5,406.1,409.85,417.08,431.15,388.55
3260,威剛,2026-07-08,408.0,413.0,397.0,404.0,5955078,407.6,405.65,409.0,417.73,429.77,388.23
3260,威剛,2026-07-09,408.0,418.0,405.5,410.0,7975024,408.0,405.7,410.0,418.29,428.75,391.25
3260,威剛,2026-07-13,416.5,417.0,402.0,405.0,6297953,406.7,406.45,410.52,418.9,427.99,393.06
3260,威剛,2026-07-14,406.0,409.0,389.0,403.0,7617965,405.2,406.35,410.4,419.61,428.05,392.75
3260,威剛,2026-07-15,409.0,419.5,408.0,408.0,9726123,406.0,406.25,409.65,420.27,426.3,393.0
3260,威剛,2026-07-16,403.0,403.0,396.5,400.5,4995452,405.3,406.45,408.82,420.98,425.57,392.08
3260,威剛,2026-07-17,387.5,392.0,366.0,366.5,11512395,396.6,402.3,406.35,420.52,431.27,381.43
3260,威剛,2026-07-20,368.5,371.0,334.0,348.5,8795993,385.3,396.0,402.62,419.31,437.39,367.86
3260,威剛,2026-07-21,357.0,368.5,354.0,368.5,4377606,378.4,391.8,399.35,418.82,434.01,364.69
3260,威剛,2026-07-22,379.0,389.0,378.0,379.5,6355537,372.7,389.35,397.73,418.48,432.93,362.52
3260,威剛,2026-07-23,383.0,383.0,368.0,378.5,4469898,368.3,386.8,396.23,417.46,432.05,360.4
3260,威剛,2026-07-24,378.0,398.0,375.5,383.0,11129328,371.6,384.1,394.9,415.77,430.62,359.18
3260,威剛,2026-07-27,386.0,403.0,378.5,402.0,6929030,382.3,383.8,395.12,414.89,430.97,359.28
3260,威剛,2026-07-28,379.0,383.0,368.0,369.0,10435910,382.4,380.4,393.38,413.77,430.78,355.97
3260,威剛,2026-07-29,367.0,405.0,350.0,394.0,31063623,385.3,379.0,392.62,412.99,429.3,355.95
3260,威剛,2026-07-30,394.0,408.5,376.0,378.5,21435607,385.3,376.8,391.62,411.83,428.72,354.53
3260,威剛,2026-07-31,409.0,413.5,395.0,398.5,24346980,388.4,380.0,391.15,410.78,427.6,354.7
3260,威剛,2026-08-03,391.5,402.0,384.5,391.5,13913673,386.3,384.3,390.15,409.62,425.32,354.98
3260,威剛,2026-08-04,392.5,406.0,386.5,398.5,10453103,392.2,387.3,389.55,408.78,423.65,355.45
3260,威剛,2026-08-05,409.5,412.5,396.0,396.0,13936761,392.6,388.95,389.15,407.77,422.72,355.58
3260,威剛,2026-08-06,397.5,426.5,394.0,421.0,21658060,401.1,393.2,390.0,407.36,425.93,354.07
3260,威剛,2026-08-07,427.0,437.0,413.5,416.0,20171502,404.6,396.5,390.3,407.06,427.03,353.57
3260,威剛,2026-08-10,421.0,424.0,411.0,411.0,11689800,408.5,397.4,390.6,406.46,427.93,353.27
3260,威剛,2026-08-11,409.5,409.5,400.5,405.5,7618181,409.9,401.05,390.73,406.13,428.24,353.21
3260,威剛,2026-08-12,408.5,422.0,408.5,409.5,12197805,412.6,402.6,390.8,405.99,428.47,353.13
3260,威剛,2026-08-13,416.0,419.0,409.0,409.0,8090417,410.2,405.65,391.23,406.31,429.54,352.91
3260,威剛,2026-08-14,415.5,419.0,400.0,402.0,10482087,407.4,406.0,393.0,406.25,429.75,356.25
3260,威剛,2026-08-17,404.0,404.0,397.0,400.0,4939923,405.2,406.85,395.57,406.03,425.84,365.31
3260,威剛,2026-08-18,404.0,406.0,386.0,387.0,9599488,401.5,405.7,396.5,405.52,424.32,368.68
3260,威剛,2026-08-19,377.5,395.0,375.0,395.0,6354257,398.6,405.6,397.27,405.32,423.94,370.61
3260,威剛,2026-08-20,396.0,404.0,391.0,401.0,6487803,397.0,403.6,398.4,405.17,423.58,373.22
3260,威剛,2026-08-21,400.5,422.5,399.0,422.5,21407025,401.1,404.25,400.38,405.33,426.64,374.11
3260,威剛,2026-08-24,425.5,459.5,421.5,438.5,32345699,408.8,407.0,402.2,405.9,433.53,370.87
3260,威剛,2026-08-25,437.5,437.5,407.0,418.5,17221847,415.1,408.3,404.68,405.96,432.6,376.75
3260,威剛,2026-08-26,421.0,422.0,411.0,416.0,8197102,419.3,408.95,405.77,405.77,433.66,377.89
3260,威剛,2026-08-27,416.0,422.0,414.0,415.5,5844482,422.2,409.6,407.62,404.88,432.65,382.6
3260,威剛,2026-08-28,418.0,418.5,407.0,412.0,6969224,420.1,410.6,408.3,404.04,433.02,383.58
3260,威剛,2026-08-31,408.5,416.5,407.0,413.5,4710862,415.1,411.95,409.4,403.3,432.9,385.9
3260,威剛,2026-09-01,416.5,417.5,410.5,412.0,4084544,413.8,414.45,410.07,403.14,433.02,387.13
3260,威剛,2026-09-02,411.0,415.5,409.0,412.5,3623728,413.1,416.2,410.9,403.3,432.88,388.92
3260,威剛,2026-09-03,417.0,419.5,394.0,395.0,10472516,409.0,415.6,409.6,402.87,432.14,387.06
3260,威剛,2026-09-04,401.0,404.5,390.5,400.5,4877257,406.7,413.4,408.82,403.04,431.5,386.15
8271,宇瞻,2026-04-29,214.0,229.5,214.0,218.0,896161,215.2,207.05,179.0,149.84,245.93,112.07
8271,宇瞻,2026-04-30,225.0,225.0,220.0,220.0,893470,214.8,212.7,183.5,151.54,248.64,118.36
8271,宇瞻,2026-05-04,229.0,229.0,222.5,223.0,913642,219.4,217.05,187.5,153.39,251.99,123.01
8271,宇瞻,2026-05-05,223.0,232.0,223.0,232.0,875483,223.6,220.55,191.82,155.32,256.06,127.59
8271,宇瞻,2026-05-06,245.0,245.0,236.5,243.0,1546413,227.2,223.2,196.9,157.41,260.43,133.37
8271,宇瞻,2026-05-07,248.5,249.0,246.5,248.0,1263528,233.2,224.2,201.53,159.53,265.82,137.23
8271,宇瞻,2026-05-08,255.0,260.5,242.0,260.5,1857976,241.3,228.05,206.82,161.88,272.27,141.38
8271,宇瞻,2026-05-11,264.0,266.0,247.0,256.0,11446359,247.9,233.65,211.4,164.08,277.18,145.62
8271,宇瞻,2026-05-12,265.0,271.0,241.0,249.0,10672198,251.3,237.45,216.05,166.37,278.4,153.7
8271,宇瞻,2026-05-13,241.5,248.5,238.0,248.0,3959721,252.3,239.75,220.47,168.73,278.32,162.63
8271,宇瞻,2026-05-14,254.0,264.0,251.0,252.0,7012658,253.1,243.15,225.1,171.16,276.89,173.31
8271,宇瞻,2026-05-15,254.5,257.0,241.0,242.0,4950157,249.4,245.35,229.03,173.48,272.37,185.68
8271,宇瞻,2026-05-18,236.5,239.5,228.0,236.0,3418104,245.4,246.65,231.85,175.54,268.45,195.25
8271,宇瞻,2026-05-19,236.5,236.5,218.0,221.5,4621719,239.9,245.6,233.07,177.18,266.24,199.91
8271,宇瞻,2026-05-20,221.5,222.0,211.5,215.0,3163400,233.3,242.8,233.0,178.81,266.33,199.67
8271,宇瞻,2026-05-21,223.0,224.0,216.5,220.0,2981297,226.9,240.0,232.1,180.51,265.83,198.37
8271,宇瞻,2026-05-22,223.0,230.5,220.5,224.5,3421604,223.4,236.4,232.22,182.23,265.82,198.63
8271,宇瞻,2026-05-25,227.0,231.5,217.5,229.0,3871829,222.0,233.7,233.68,184.01,263.73,203.62
8271,宇瞻,2026-05-26,230.5,235.0,226.5,230.0,3137304,223.7,231.8,234.62,185.85,262.8,206.45
8271,宇瞻,2026-05-27,245.0,249.0,228.0,232.5,5662870,227.2,230.25,235.0,187.7,262.83,207.17
8271,宇瞻,2026-05-28,234.5,243.0,231.5,237.0,7539115,230.6,228.75,235.95,189.66,262.61,209.29
8271,宇瞻,2026-05-29,242.0,247.5,239.5,245.5,5991499,234.8,229.1,237.22,191.87,263.1,211.35
8271,宇瞻,2026-06-01,248.5,256.0,245.5,248.5,6612524,238.7,230.35,238.5,194.22,263.94,213.06
8271,宇瞻,2026-06-02,251.0,264.5,248.0,257.5,11768701,244.2,233.95,239.78,196.58,266.37,213.18
8271,宇瞻,2026-06-03,260.0,261.0,247.0,250.0,5735954,247.7,237.45,240.12,198.73,267.08,213.17
8271,宇瞻,2026-06-04,245.0,257.5,244.5,245.0,5076536,249.3,239.95,239.97,200.78,266.78,213.17
8271,宇瞻,2026-06-05,235.0,235.0,220.5,222.0,7397330,244.6,239.7,238.05,202.3,264.17,211.93
8271,宇瞻,2026-06-08,200.0,210.5,200.0,210.0,3143391,236.9,237.8,235.75,203.4,263.28,208.22
8271,宇瞻,2026-06-09,215.0,220.0,209.0,217.0,2460801,228.8,236.5,234.15,204.38,262.15,206.15
8271,宇瞻,2026-06-10,214.5,216.0,201.0,202.0,2622021,219.2,233.45,231.85,204.86,262.49,201.21
8271,宇瞻,2026-06-11,195.5,205.0,189.5,197.0,4733890,209.6,229.45,229.1,204.97,261.92,196.28
8271,宇瞻,2026-06-12,206.5,206.5,200.5,202.5,4121996,205.7,225.15,227.12,205.24,261.4,192.85
8271,宇瞻,2026-06-15,206.0,210.5,205.5,208.5,2352787,205.4,221.15,225.75,205.31,260.73,190.77
8271,宇瞻,2026-06-16,213.0,215.5,204.5,206.0,2707622,203.2,216.0,224.97,205.27,261.02,188.93
8271,宇瞻,2026-06-17,205.0,208.5,202.0,208.5,1334541,204.5,211.85,224.65,205.61,261.19,188.11
8271,宇瞻,2026-06-18,210.5,213.5,209.0,211.0,2179722,207.3,208.45,224.2,206.3,261.2,187.2
8271,宇瞻,2026-06-22,214.5,221.5,214.5,215.5,3426284,209.9,207.8,223.75,207.33,260.95,186.55
8271,宇瞻,2026-06-23,217.0,217.0,203.0,205.5,2795012,209.3,207.35,222.57,208.09,260.55,184.6
8271,宇瞻,2026-06-24,200.5,206.5,199.5,203.5,1720975,208.8,206.0,221.25,209.05,259.98,182.52
8271,宇瞻,2026-06-25,206.5,210.0,204.0,204.5,2537560,208.0,206.25,219.85,210.05,258.89,180.81
8271,宇瞻,2026-06-26,204.5,211.0,197.5,198.0,2773043,205.4,206.35,217.9,210.95,257.23,178.57
8271,宇瞻,2026-06-29,200.5,200.5,192.5,193.5,1977678,201.0,205.45,215.3,212.01,253.81,176.79
8271,宇瞻,2026-06-30,196.0,197.5,191.0,194.5,1817474,198.8,204.05,212.6,212.87,248.81,176.39
8271,宇瞻,2026-07-01,193.0,193.0,180.0,180.0,2905759,194.1,201.45,208.72,213.44,241.09,176.36
8271,宇瞻,2026-07-02,174.5,192.5,174.0,192.5,2306978,191.7,199.85,205.85,214.29,232.49,179.21
8271,宇瞻,2026-07-03,192.0,197.0,188.5,193.0,2249945,190.7,198.05,203.25,214.92,223.08,183.42
8271,宇瞻,2026-07-06,196.0,200.0,191.0,196.0,1779508,191.2,196.1,201.95,215.61,219.92,183.98
8271,宇瞻,2026-07-07,196.0,196.0,182.5,185.5,2654861,189.4,194.1,200.72,215.96,219.7,181.75
8271,宇瞻,2026-07-08,186.5,187.5,178.0,181.0,2050658,189.6,191.85,198.93,216.38,218.23,179.62
8271,宇瞻,2026-07-09,183.0,186.0,179.0,181.0,1663629,187.3,189.5,197.88,216.73,218.7,177.05
8271,宇瞻,2026-07-13,183.0,185.5,181.0,183.0,1923999,185.3,188.0,197.18,217.12,219.04,175.31
8271,宇瞻,2026-07-14,182.0,183.0,166.0,173.5,2483386,180.8,186.0,195.72,217.29,219.83,171.62
8271,宇瞻,2026-07-15,176.0,182.5,176.0,181.5,1416832,180.0,184.7,194.38,217.32,218.49,170.26
8271,宇瞻,2026-07-16,178.5,189.5,177.5,187.5,2131919,181.3,185.45,193.45,217.17,217.11,169.79
8271,宇瞻,2026-07-17,185.5,205.5,184.0,190.0,10777264,183.1,185.2,192.53,216.72,215.13,169.92
8271,宇瞻,2026-07-20,191.0,192.5,175.5,184.0,3821743,183.3,184.3,191.18,215.82,212.31,170.04
8271,宇瞻,2026-07-21,188.5,194.5,186.5,191.5,2564859,186.9,183.85,189.97,215.32,207.75,172.2
8271,宇瞻,2026-07-22,200.0,202.5,196.0,196.5,3630322,189.9,184.95,189.53,215.26,206.06,172.99
8271,宇瞻,2026-07-23,199.0,210.5,193.0,210.0,5041082,194.4,187.85,189.85,215.24,207.74,171.96
8271,宇瞻,2026-07-24,211.0,223.0,204.0,212.5,14806388,198.9,191.0,190.25,215.03,209.8,170.7
8271,宇瞻,2026-07-27,211.0,218.0,206.0,218.0,6353352,205.7,194.5,191.25,215.03,214.22,168.28
8271,宇瞻,2026-07-28,208.5,211.5,204.0,205.0,4729092,208.4,197.65,191.82,214.78,215.59,168.06
8271,宇瞻,2026-07-29,210.0,225.5,201.5,222.5,18407423,213.6,201.75,193.22,214.78,220.67,165.78
8271,宇瞻,2026-07-30,217.5,229.0,200.5,204.0,18618466,212.4,203.4,194.43,214.31,221.53,167.32
8271,宇瞻,2026-07-31,223.0,224.0,214.0,223.0,10136968,214.5,206.7,195.95,213.97,225.88,166.02
8271,宇瞻,2026-08-03,219.0,226.5,217.0,219.5,8993768,214.8,210.25,197.28,213.5,228.95,165.6
8271,宇瞻,2026-08-04,219.5,226.0,213.0,224.0,7506374,218.6,213.5,198.68,212.89,232.52,164.83
8271,宇瞻,2026-08-05,228.5,238.0,225.0,227.0,10429154,219.5,216.55,200.75,212.41,236.24,165.26
8271,宇瞻,2026-08-06,225.0,249.5,221.5,247.0,17296783,228.1,220.25,204.05,212.38,243.82,164.28
8271,宇瞻,2026-08-07,240.0,244.5,235.0,235.5,9432917,230.6,222.55,206.78,212.17,247.36,166.19
8271,宇瞻,2026-08-10,233.5,237.5,228.5,235.5,6983213,233.8,224.3,209.4,211.89,250.3,168.5
8271,宇瞻,2026-08-11,232.5,235.0,229.0,234.5,4354343,235.9,227.25,212.45,211.77,251.11,173.79
8271,宇瞻,2026-08-12,236.0,238.5,231.0,232.0,4782916,236.9,228.2,214.97,211.7,251.67,178.28
8271,宇瞻,2026-08-13,233.5,235.0,228.5,229.5,4357104,233.4,230.75,217.07,211.83,251.91,182.24
8271,宇瞻,2026-08-14,231.5,236.5,224.5,233.0,8476251,232.9,231.75,219.22,212.13,252.29,186.16
8271,宇瞻,2026-08-17,233.5,233.5,227.5,228.0,3195900,231.4,232.6,221.43,212.27,250.2,192.65
8271,宇瞻,2026-08-18,229.0,232.0,223.0,223.0,2874908,229.1,232.5,223.0,212.24,248.09,197.91
8271,宇瞻,2026-08-19,218.0,221.0,215.5,219.5,2443973,226.6,231.75,224.15,212.08,246.03,202.27
8271,宇瞻,2026-08-20,223.5,233.0,221.5,233.0,5119447,227.3,230.35,225.3,212.13,246.45,204.15
8271,宇瞻,2026-08-21,233.0,237.0,230.5,232.5,7334224,227.2,230.05,226.3,212.13,246.78,205.82
8271,宇瞻,2026-08-24,232.0,246.0,231.5,235.5,8274468,228.7,230.05,227.18,212.11,247.66,206.69
8271,宇瞻,2026-08-25,232.5,233.5,224.0,230.0,4450887,230.1,229.6,228.43,211.85,246.07,210.78
8271,宇瞻,2026-08-26,231.0,232.0,228.0,231.0,2037831,232.4,229.5,228.85,211.56,246.3,211.4
8271,宇瞻,2026-08-27,231.5,237.0,230.5,234.0,3833131,232.6,229.95,230.35,211.17,243.41,217.29
8271,宇瞻,2026-08-28,235.5,244.0,232.5,232.5,4821273,232.6,229.9,230.82,210.88,243.45,218.2
8271,宇瞻,2026-08-31,230.0,234.5,227.0,227.5,2491844,231.0,229.85,231.22,210.58,242.8,219.65
8271,宇瞻,2026-09-01,228.5,232.0,226.0,226.0,2198827,230.2,230.15,231.32,210.65,242.67,219.98
8271,宇瞻,2026-09-02,226.5,230.5,224.5,225.5,1580182,229.1,230.75,231.25,210.91,242.73,219.77
8271,宇瞻,2026-09-03,227.5,229.5,217.0,217.0,3191252,225.7,229.15,229.75,210.91,240.38,219.12
8271,宇瞻,2026-09-04,220.0,222.0,213.0,217.0,1937182,222.6,227.6,228.82,211.16,240.51,217.14
